step,x,y,vx,vy,angle,angular_velocity,left_leg,right_leg,action,action_text,value,reward,success,crash,timeout
0,0.007753563113510609,1.4062715768814087,0.7853293418884277,-0.2066216766834259,-0.00897756777703762,-0.1778886765241623,0.0,0.0,1,left_engine,1.7586408853530884,-0.09426319543712111,0,0,0
1,0.015446948818862438,1.401054859161377,0.7766943573951721,-0.23192214965820312,-0.016247790306806564,-0.14541733264923096,0.0,0.0,1,left_engine,1.7438666820526123,0.3912584634822178,0,0,0
2,0.023044586181640625,1.3952356576919556,0.7646615505218506,-0.25868692994117737,-0.02109682559967041,-0.09698958694934845,0.0,0.0,1,left_engine,1.7375409603118896,0.357235499931819,0,0,0
3,0.030563736334443092,1.3888278007507324,0.7548025250434875,-0.2848343551158905,-0.023962650448083878,-0.05732184648513794,0.0,0.0,1,left_engine,1.7360929250717163,0.7637856031818171,0,0,0
4,0.03798665851354599,1.3818325996398926,0.7427423000335693,-0.31090477108955383,-0.024403484538197517,-0.00881736259907484,0.0,0.0,1,left_engine,1.7537883520126343,0.42764035160337355,0,0,0
5,0.04535045474767685,1.374241590499878,0.7353256344795227,-0.3373660743236542,-0.02335626259446144,0.020946163684129715,0.0,0.0,1,left_engine,1.7837047576904297,0.925915682384898,0,0,0
6,0.05262785032391548,1.3660595417022705,0.7244826555252075,-0.36360102891921997,-0.020132554695010185,0.06448031216859818,0.0,0.0,1,left_engine,1.828352451324463,0.7680735396340606,0,0,0
7,0.059841252863407135,1.3572736978530884,0.7164604663848877,-0.3904230296611786,-0.015305222943425179,0.0965551808476448,0.0,0.0,1,left_engine,1.8589985370635986,0.8541824498477706,0,0,0
8,0.06699313968420029,1.3478822708129883,0.7087531089782715,-0.41734999418258667,-0.008938501589000225,0.1273459494113922,0.0,0.0,1,left_engine,1.8741176128387451,1.4831060830576643,0,0,0
9,0.0740477591753006,1.3379011154174805,0.6965316534042358,-0.44357773661613464,-0.00012534215056803077,0.176279678940773,0.0,0.0,1,left_engine,1.8742741346359253,-0.7508279258071571,0,0,0
10,0.08102722465991974,1.327318549156189,0.6871429681777954,-0.47036856412887573,0.010562220588326454,0.2137710303068161,0.0,0.0,1,left_engine,1.8793305158615112,-0.8685855765174313,0,0,0
11,0.08791513741016388,1.316136360168457,0.6756614446640015,-0.4971233904361725,0.023543311282992363,0.2596455216407776,0.0,0.0,1,left_engine,1.8955986499786377,-1.2876798024700224,0,0,0
12,0.09473075717687607,1.3043533563613892,0.6666206121444702,-0.5239958167076111,0.038327157497406006,0.2957040071487427,0.0,0.0,1,left_engine,1.93132746219635,-1.3409823317568044,0,0,0
13,0.10145358741283417,1.2919738292694092,0.6549911499023438,-0.5507327318191528,0.055429719388484955,0.3420828580856323,0.0,0.0,1,left_engine,1.9834282398223877,-1.6245368859881057,0,0,0
14,0.10807771980762482,1.27898108959198,0.642641007900238,-0.5783017873764038,0.07500890642404556,0.39161959290504456,0.0,0.0,1,left_engine,2.035581588745117,-2.0554589394996,0,0,0
15,0.11463508754968643,1.2653982639312744,0.6343574523925781,-0.6048961877822876,0.09622535854578018,0.42436760663986206,0.0,0.0,1,left_engine,2.075737476348877,-2.270327306595361,0,0,0
16,0.12112341076135635,1.2512109279632568,0.6257570385932922,-0.6321946382522583,0.11916334182024002,0.45880189538002014,0.0,0.0,2,main_engine,2.1607704162597656,2.0439066930050105,0,0,0
17,0.12751264870166779,1.2378894090652466,0.6158364415168762,-0.5940786004066467,0.1421850621700287,0.46047645807266235,0.0,0.0,1,left_engine,2.130744218826294,-2.4108645283714325,0,0,0
18,0.1338052749633789,1.223942518234253,0.6037785410881042,-0.6224877834320068,0.16767370700836182,0.5098190903663635,0.0,0.0,2,main_engine,2.230189323425293,-1.4402494573557931,0,0,0
19,0.14017543196678162,1.2102258205413818,0.6108542680740356,-0.6127880811691284,0.19394941627979279,0.5255623459815979,0.0,0.0,2,main_engine,2.2353897094726562,1.727660575386534,0,0,0
20,0.1464381217956543,1.1973918676376343,0.5998529195785522,-0.5740883350372314,0.22062161564826965,0.5334922075271606,0.0,0.0,2,main_engine,2.187077283859253,-1.0872854799374523,0,0,0
21,0.15273475646972656,1.1848992109298706,0.6026347875595093,-0.5594996213912964,0.2480878382921219,0.5493741631507874,0.0,0.0,2,main_engine,2.2036454677581787,-0.37410833331653065,0,0,0
22,0.158959299325943,1.1727663278579712,0.5951959490776062,-0.5440840125083923,0.2759573459625244,0.5574400424957275,0.0,0.0,2,main_engine,2.2498114109039307,0.4171167007879831,0,0,0
23,0.16489791870117188,1.160740613937378,0.5674914121627808,-0.5396842360496521,0.30314597487449646,0.5438221096992493,0.0,0.0,2,main_engine,2.2919888496398926,-0.027347550366289386,0,0,0
24,0.17060813307762146,1.1488065719604492,0.545235276222229,-0.5360110998153687,0.3299623727798462,0.5363760590553284,0.0,0.0,2,main_engine,2.3337748050689697,1.626432248005483,0,0,0
25,0.1760585755109787,1.1374316215515137,0.5197963118553162,-0.511535108089447,0.3564269244670868,0.529317319393158,0.0,0.0,3,right_engine,2.308992385864258,-3.8334631543188196,0,0,0
26,0.1815733015537262,1.1254818439483643,0.5275353193283081,-0.5372493863105774,0.3817409574985504,0.506280779838562,0.0,0.0,3,right_engine,2.391993761062622,-3.6508043757001176,0,0,0
27,0.18716183304786682,1.1129729747772217,0.5370811820030212,-0.5619474053382874,0.4050014615058899,0.4652106761932373,0.0,0.0,3,right_engine,2.5001299381256104,-3.367050691034733,0,0,0
28,0.1928279846906662,1.0999200344085693,0.5471377968788147,-0.5858488082885742,0.4259971082210541,0.4199134409427643,0.0,0.0,2,main_engine,2.6117618083953857,3.997100665969339,0,0,0
29,0.19811734557151794,1.0877184867858887,0.5094175338745117,-0.5483509302139282,0.44725507497787476,0.4251594543457031,0.0,0.0,3,right_engine,2.5104424953460693,-3.1556975316872795,0,0,0
30,0.2034718543291092,1.0749669075012207,0.517881453037262,-0.5724766850471497,0.46656787395477295,0.38625577092170715,0.0,0.0,3,right_engine,2.6065502166748047,-2.880770955524581,0,0,0
31,0.2088819444179535,1.061662197113037,0.5251404047012329,-0.5967441201210022,0.48417314887046814,0.3521055579185486,0.0,0.0,3,right_engine,2.6797196865081787,-2.7436685490836212,0,0,0
32,0.21436071395874023,1.0478025674819946,0.533923864364624,-0.6209547519683838,0.4997889995574951,0.3123176395893097,0.0,0.0,3,right_engine,2.7667078971862793,-2.4550035003638286,0,0,0
33,0.219896599650383,1.0333852767944336,0.5412684679031372,-0.6453182697296143,0.5136963725090027,0.2781469225883484,0.0,0.0,3,right_engine,2.836078405380249,-2.2256533077041625,0,0,0
34,0.22550220787525177,1.0184297561645508,0.5502720475196838,-0.6686136722564697,0.5254068970680237,0.23421040177345276,0.0,0.0,2,main_engine,2.911076784133911,3.5668117680742855,0,0,0
35,0.23075179755687714,1.0039145946502686,0.5145624279975891,-0.6491791009902954,0.5373010039329529,0.23788264393806458,0.0,0.0,3,right_engine,2.8260130882263184,-1.9805209393866494,0,0,0
36,0.2360619604587555,0.9888642430305481,0.5224548578262329,-0.6723371744155884,0.5471582412719727,0.19714364409446716,0.0,0.0,2,main_engine,2.941448211669922,4.830004752553106,0,0,0
37,0.24086150527000427,0.9743017554283142,0.4716755449771881,-0.6506105661392212,0.5567437410354614,0.191709965467453,0.0,0.0,3,right_engine,2.8426709175109863,-1.8634509503957009,0,0,0
38,0.2457454651594162,0.9592060446739197,0.48240160942077637,-0.673433244228363,0.5637385845184326,0.13989633321762085,0.0,0.0,3,right_engine,2.9818382263183594,-1.5146547777563615,0,0,0
39,0.2506962716579437,0.9435709714889526,0.4909363389015198,-0.696651816368103,0.5685927867889404,0.09708359837532043,0.0,0.0,2,main_engine,3.061528444290161,3.6409233550683213,0,0,0
40,0.2552575170993805,0.9281686544418335,0.4521031975746155,-0.6862732768058777,0.5733110904693604,0.09436438977718353,0.0,0.0,2,main_engine,3.022961378097534,2.591774688142931,0,0,0
41,0.2595844268798828,0.9129764437675476,0.4283026158809662,-0.677102267742157,0.5784735679626465,0.10324902832508087,0.0,0.0,3,right_engine,2.9586000442504883,-1.2829459849210696,0,0,0
42,0.2639836370944977,0.8972654342651367,0.4376729428768158,-0.6992555856704712,0.5811324119567871,0.053176671266555786,0.0,0.0,2,main_engine,3.0628676414489746,2.202432071885835,0,0,0
43,0.26823264360427856,0.8817335367202759,0.42202845215797424,-0.6915756464004517,0.5845285058021545,0.06792208552360535,0.0,0.0,3,right_engine,3.012610673904419,-1.1723054517576361,0,0,0
44,0.2725397050380707,0.8656554222106934,0.4294220805168152,-0.7151461243629456,0.5860446095466614,0.030322302132844925,0.0,0.0,2,main_engine,3.081840991973877,2.2012738407213535,0,0,0
45,0.2767086923122406,0.8497419953346252,0.4149757921695709,-0.7081165313720703,0.5883325338363647,0.045758094638586044,0.0,0.0,2,main_engine,3.0186927318573,4.571146465265326,0,0,0
46,0.28053465485572815,0.8343778848648071,0.38012638688087463,-0.6839564442634583,0.5912662744522095,0.05867479369044304,0.0,0.0,3,right_engine,2.9028053283691406,-1.1895472507348746,0,0,0
47,0.28441372513771057,0.8184617161750793,0.38687920570373535,-0.7078396081924438,0.5924913883209229,0.024502459913492203,0.0,0.0,3,right_engine,2.9875471591949463,-0.9647426863297699,0,0,0
48,0.2883508801460266,0.8019999861717224,0.394268661737442,-0.7313830256462097,0.5918303728103638,-0.013220186345279217,0.0,0.0,2,main_engine,3.02811861038208,2.7863775754743587,0,0,0
49,0.29197922348976135,0.7855822443962097,0.36345770955085754,-0.7293927073478699,0.5910922288894653,-0.014762423932552338,0.0,0.0,2,main_engine,2.9812159538269043,6.441490945874546,0,0,0
50,0.29489535093307495,0.7697217464447021,0.29286709427833557,-0.7043511271476746,0.589607834815979,-0.029688041657209396,0.0,0.0,3,right_engine,2.92918062210083,-0.6972342080512408,0,0,0
51,0.2978825569152832,0.7533262372016907,0.30190008878707886,-0.7272804975509644,0.5858352780342102,-0.07545094192028046,0.0,0.0,2,main_engine,2.988210439682007,2.581693273874703,0,0,0
52,0.3005186915397644,0.7368714809417725,0.2671619951725006,-0.7297592163085938,0.5816318988800049,-0.08406800776720047,0.0,0.0,2,main_engine,2.958592414855957,4.900755384671254,0,0,0
53,0.30265235900878906,0.7208340167999268,0.21711015701293945,-0.7111390829086304,0.5772101879119873,-0.08843423426151276,0.0,0.0,3,right_engine,2.8926784992218018,-0.4725158064620405,0,0,0
54,0.30483731627464294,0.7042426466941833,0.22366897761821747,-0.7351673245429993,0.5711442232131958,-0.12132062017917633,0.0,0.0,2,main_engine,2.9265897274017334,4.4315291919788935,0,0,0
55,0.3064652383327484,0.6879245638847351,0.16858482360839844,-0.7227879762649536,0.5643664002418518,-0.13555635511875153,0.0,0.0,3,right_engine,2.888131856918335,-0.18249259337414855,0,0,0
56,0.3081478178501129,0.6710578203201294,0.175583153963089,-0.7465639710426331,0.5558204054832458,-0.17091992497444153,0.0,0.0,2,main_engine,2.904299736022949,5.750944570536359,0,0,0
57,0.3094540536403656,0.6549000144004822,0.13743340969085693,-0.7153322696685791,0.5479248762130737,-0.15791091322898865,0.0,0.0,3,right_engine,2.8355300426483154,-0.027726026224256656,0,0,0
58,0.3108246922492981,0.6382030844688416,0.1457112729549408,-0.7385977506637573,0.5379449129104614,-0.19959889352321625,0.0,0.0,2,main_engine,2.8454596996307373,1.8831881297002837,0,0,0
59,0.3120419383049011,0.6213859915733337,0.13029131293296814,-0.7440462112426758,0.528113603591919,-0.19662614166736603,0.0,0.0,2,main_engine,2.8153576850891113,5.536160813559815,0,0,0
60,0.3126029968261719,0.605129599571228,0.06544159352779388,-0.7189138531684875,0.5174647569656372,-0.21297749876976013,0.0,0.0,3,right_engine,2.758486270904541,0.42310070829953017,0,0,0
61,0.3132447302341461,0.5883514285087585,0.07590499520301819,-0.7413086295127869,0.5041961669921875,-0.2653713822364807,0.0,0.0,2,main_engine,2.781385660171509,3.7170394918202705,0,0,0
62,0.3134145736694336,0.5717583298683167,0.029455091804265976,-0.7329506278038025,0.4901863932609558,-0.28019529581069946,0.0,0.0,2,main_engine,2.741093397140503,4.851944353001852,0,0,0
63,0.31313592195510864,0.5556764602661133,-0.015102344565093517,-0.7102808356285095,0.47595998644828796,-0.284527987241745,0.0,0.0,2,main_engine,2.680431365966797,6.015468217221934,0,0,0
64,0.31255006790161133,0.5404497981071472,-0.04644184559583664,-0.6726332306861877,0.46252623200416565,-0.2686752378940582,0.0,0.0,3,right_engine,2.591190814971924,0.5918673599969975,0,0,0
65,0.3120386004447937,0.5246739983558655,-0.03695414587855339,-0.6965081095695496,0.44692152738571167,-0.31209424138069153,0.0,0.0,2,main_engine,2.6239726543426514,4.889822822154753,0,0,0
66,0.3109535276889801,0.5095154643058777,-0.09349434822797775,-0.6690064072608948,0.4305475354194641,-0.32748013734817505,0.0,0.0,2,main_engine,2.5669474601745605,1.8329814716959276,0,0,0
67,0.3095795512199402,0.4942460060119629,-0.12173644453287125,-0.6739399433135986,0.41358911991119385,-0.33916816115379333,0.0,0.0,2,main_engine,2.542201519012451,5.007003029569302,0,0,0
68,0.3078169822692871,0.47969377040863037,-0.16046880185604095,-0.6422387957572937,0.3966173529624939,-0.33943524956703186,0.0,0.0,3,right_engine,2.4555444717407227,1.0118729186982887,0,0,0
69,0.30610865354537964,0.4645925760269165,-0.15333709120750427,-0.6663972735404968,0.377961665391922,-0.37311461567878723,0.0,0.0,2,main_engine,2.4944345951080322,4.483864234721023,0,0,0
70,0.30421972274780273,0.44998249411582947,-0.17170926928520203,-0.6448956727981567,0.35977113246917725,-0.36381056904792786,0.0,0.0,2,main_engine,2.416374444961548,2.6333905785710785,0,0,0
71,0.30222147703170776,0.43540436029434204,-0.18271389603614807,-0.6437352895736694,0.34179404377937317,-0.3595416247844696,0.0,0.0,2,main_engine,2.3832645416259766,5.373106046036736,0,0,0
72,0.29999780654907227,0.4216208755970001,-0.20560431480407715,-0.6087217330932617,0.3242751359939575,-0.3503780961036682,0.0,0.0,2,main_engine,2.295302152633667,3.0755966244766286,0,0,0
73,0.2977803349494934,0.4079539179801941,-0.2055802345275879,-0.6038894057273865,0.3074875771999359,-0.335752010345459,0.0,0.0,2,main_engine,2.2646594047546387,3.7142235930504173,0,0,0
74,0.29515162110328674,0.394890695810318,-0.24594685435295105,-0.5771035552024841,0.290011465549469,-0.3495224118232727,0.0,0.0,2,main_engine,2.2086093425750732,2.8964406183883513,0,0,0
75,0.2921411395072937,0.38226592540740967,-0.28328609466552734,-0.5576741695404053,0.2717595100402832,-0.36503881216049194,0.0,0.0,0,noop,2.1556475162506104,0.6643925839749727,0,0,0
76,0.2891298234462738,0.3690453767776489,-0.283274382352829,-0.5843677520751953,0.2535080015659332,-0.365030437707901,0.0,0.0,2,main_engine,2.1818668842315674,4.950409596609927,0,0,0
77,0.2859641909599304,0.3565914034843445,-0.29898542165756226,-0.5505719780921936,0.23562219738960266,-0.35771626234054565,0.0,0.0,0,noop,2.110154390335083,0.6432903923539754,0,0,0
78,0.28279781341552734,0.34354156255722046,-0.2989755868911743,-0.5772648453712463,0.21773679554462433,-0.3577083349227905,0.0,0.0,2,main_engine,2.132751703262329,2.919091204006077,0,0,0
79,0.27943021059036255,0.330788254737854,-0.31872671842575073,-0.5642542243003845,0.19954004883766174,-0.3639352321624756,0.0,0.0,1,left_engine,2.070338487625122,-0.018882725905085634,0,0,0
80,0.27599334716796875,0.3174144923686981,-0.3273760974407196,-0.5922722220420837,0.18314237892627716,-0.3279535472393036,0.0,0.0,2,main_engine,2.1061148643493652,2.4832886646021963,0,0,0
81,0.2725191116333008,0.3040764629840851,-0.33125582337379456,-0.5908871293067932,0.16693153977394104,-0.32421714067459106,0.0,0.0,1,left_engine,2.032546281814575,-0.3923693672823976,0,0,0
82,0.26894816756248474,0.29012417793273926,-0.34333544969558716,-0.6186150908470154,0.15317270159721375,-0.2751767039299011,0.0,0.0,2,main_engine,2.122349977493286,4.205575734348398,0,0,0
83,0.26530808210372925,0.27676835656166077,-0.3504639267921448,-0.5922524929046631,0.1396608054637909,-0.27023833990097046,0.0,0.0,1,left_engine,2.0668883323669434,-0.3869168456349985,0,0,0
84,0.26160430908203125,0.26279348134994507,-0.35847008228302,-0.6200306415557861,0.12779517471790314,-0.2373126745223999,0.0,0.0,2,main_engine,2.130746364593506,2.662465984874655,0,0,0
85,0.25789937376976013,0.2489750236272812,-0.35885199904441833,-0.6131971478462219,0.11622171849012375,-0.23146918416023254,0.0,0.0,2,main_engine,2.0902726650238037,3.9217713719117713,0,0,0
86,0.2541828155517578,0.2356814295053482,-0.36035609245300293,-0.5899797081947327,0.10499651730060577,-0.22450406849384308,0.0,0.0,1,left_engine,2.0413458347320557,-0.8855482822963399,0,0,0
87,0.25037509202957153,0.22176991403102875,-0.3718006908893585,-0.6176849603652954,0.09609178453683853,-0.17809486389160156,0.0,0.0,2,main_engine,2.149020195007324,4.031974320627893,0,0,0
88,0.2463742196559906,0.2087266594171524,-0.3906397223472595,-0.5791198015213013,0.08673302084207535,-0.18717525899410248,0.0,0.0,2,main_engine,2.0930898189544678,3.8812402092487277,0,0,0
89,0.24234876036643982,0.1963198333978653,-0.3933181166648865,-0.5509042739868164,0.07759058475494385,-0.18284867703914642,0.0,0.0,1,left_engine,2.044821262359619,-0.9030406564185387,0,0,0
90,0.23824796080589294,0.1833151876926422,-0.4027469754219055,-0.5776219964027405,0.0703321248292923,-0.14516910910606384,0.0,0.0,2,main_engine,2.1660354137420654,1.974021096559693,0,0,0
91,0.23411674797534943,0.17048421502113342,-0.4058207869529724,-0.5699377655982971,0.06310052424669266,-0.14463168382644653,0.0,0.0,2,main_engine,2.1419143676757812,3.4593080762274697,0,0,0
92,0.22995606064796448,0.15826192498207092,-0.4088524281978607,-0.5429279804229736,0.055968351662158966,-0.14264348149299622,0.0,0.0,2,main_engine,2.106834650039673,1.8721580160270264,0,0,0
93,0.225616455078125,0.14645077288150787,-0.4260900020599365,-0.5246663689613342,0.04818451404571533,-0.15567678213119507,0.0,0.0,2,main_engine,2.0519745349884033,3.1796900985486447,0,0,0
94,0.22136802971363068,0.13500310480594635,-0.4175282120704651,-0.5085694789886475,0.04096502810716629,-0.14438971877098083,0.0,0.0,2,main_engine,2.0299417972564697,2.2300078378467676,0,0,0
95,0.21708659827709198,0.12387271970510483,-0.4207991659641266,-0.4944985508918762,0.03370837867259979,-0.14513294398784637,0.0,0.0,2,main_engine,2.009746551513672,2.4065795085476056,0,0,0
96,0.21279506385326385,0.11308816075325012,-0.4218614101409912,-0.4791673421859741,0.026503153145313263,-0.14410455524921417,0.0,0.0,2,main_engine,1.9996639490127563,1.8411530037244688,0,0,0
97,0.20830479264259338,0.1028439849615097,-0.4408939480781555,-0.4551769495010376,0.01847309060394764,-0.1606011688709259,0.0,0.0,1,left_engine,1.9800785779953003,-0.9735068256366322,0,0,0
98,0.20375299453735352,0.09200070798397064,-0.448619544506073,-0.48185619711875916,0.011990015394985676,-0.1296616494655609,0.0,0.0,2,main_engine,2.04352068901062,1.8486934793674805,0,0,0
99,0.19934912025928497,0.08109284192323685,-0.43453383445739746,-0.4847579896450043,0.006210467778146267,-0.11559083312749863,0.0,0.0,2,main_engine,2.03637957572937,3.1252729180719827,0,0,0
100,0.19497671723365784,0.07076061517000198,-0.4315558075904846,-0.4591931998729706,0.0005988494958728552,-0.11223248392343521,0.0,0.0,2,main_engine,2.0445597171783447,3.028145286212916,0,0,0
101,0.19069108366966248,0.061192210763692856,-0.42327794432640076,-0.4252723455429077,-0.004608890041708946,-0.10415470600128174,0.0,0.0,2,main_engine,2.0392396450042725,1.2709173841424757,0,0,0
102,0.18632487952709198,0.052276477217674255,-0.43095794320106506,-0.3962789475917816,-0.010207731276750565,-0.11197662353515625,0.0,0.0,2,main_engine,2.032757520675659,2.4265021813258985,0,0,0
103,0.18210525810718536,0.04388481006026268,-0.41693711280822754,-0.3730076551437378,-0.015163988806307316,-0.09912494570016861,0.0,0.0,2,main_engine,2.025527000427246,-1.068564601186256,0,0,0
104,0.1777653694152832,0.035507235676050186,-0.42838531732559204,-0.372402161359787,-0.020705299451947212,-0.11082632839679718,0.0,0.0,2,main_engine,2.0448479652404785,0.4845887732029553,0,0,0
105,0.17354659736156464,0.02708052098751068,-0.4167903959751129,-0.37460023164749146,-0.02572147734463215,-0.10032357275485992,0.0,0.0,2,main_engine,2.0571653842926025,3.5192909260132526,0,0,0
106,0.16946753859519958,0.01960030570626259,-0.40335243940353394,-0.33253562450408936,-0.030215051025152206,-0.08987139910459518,0.0,0.0,2,main_engine,2.0345444679260254,0.1320311987264205,0,0,0
107,0.16535110771656036,0.012371072545647621,-0.40683513879776,-0.32140329480171204,-0.03496045991778374,-0.09490824490785599,0.0,0.0,2,main_engine,2.0455477237701416,3.243774350033857,0,0,0
108,0.16138677299022675,0.006024358328431845,-0.39217790961265564,-0.28218361735343933,-0.03916330635547638,-0.08405698835849762,0.0,0.0,2,main_engine,2.020744562149048,-1.1551028127587444,0,0,0
109,0.15730619430541992,-0.0002802991948556155,-0.40318870544433594,-0.28034254908561707,-0.04398076608777046,-0.09634900838136673,0.0,0.0,2,main_engine,2.0432331562042236,-0.15086561473320897,0,0,0
110,0.15309496223926544,-0.006040074862539768,-0.41547656059265137,-0.25616419315338135,-0.04955596104264259,-0.11150417476892471,0.0,0.0,2,main_engine,2.043996572494507,12.059902611233493,0,0,0
111,0.14893627166748047,-0.010856535285711288,-0.41023045778274536,-0.21426215767860413,-0.05512426793575287,-0.11136607080698013,0.0,1.0,2,main_engine,1.6183172464370728,11.269561694192074,0,0,0
112,0.14485378563404083,-0.015025797300040722,-0.3940218687057495,-0.1861332207918167,-0.07016979157924652,-0.3021043837070465,1.0,1.0,2,main_engine,1.4073734283447266,4.249560939678912,0,0,0
113,0.1410585343837738,-0.017406703904271126,-0.36982011795043945,-0.10623061656951904,-0.0791754424571991,-0.17937006056308746,1.0,1.0,2,main_engine,1.4985159635543823,4.531696573976082,0,0,0
114,0.13767938315868378,-0.01818343624472618,-0.3324393033981323,-0.03481164947152138,-0.0846300944685936,-0.10913588106632233,1.0,1.0,2,main_engine,1.467948079109192,4.124745952494114,0,0,0
115,0.13475914299488068,-0.017649998888373375,-0.2901788353919983,0.02361195906996727,-0.08646661043167114,-0.036744847893714905,1.0,1.0,3,right_engine,1.41827392578125,3.2487826311623578,0,0,0
116,0.13217468559741974,-0.01682584546506405,-0.25726133584976196,0.03656492382287979,-0.08763854205608368,-0.02344529516994953,1.0,1.0,3,right_engine,1.3775101900100708,3.135702358825172,0,0,0
117,0.12992143630981445,-0.015727177262306213,-0.22591903805732727,0.048868853598833084,-0.08705580234527588,0.011653861962258816,1.0,1.0,3,right_engine,1.350248098373413,3.104397301457533,0,0,0
118,0.1279955804347992,-0.014360501430928707,-0.19570203125476837,0.060925185680389404,-0.08396085351705551,0.06190187484025955,1.0,1.0,3,right_engine,1.3443191051483154,3.1077458577768424,0,0,0
119,0.12639102339744568,-0.012754430994391441,-0.16522884368896484,0.07164769619703293,-0.07922104001045227,0.09480388462543488,1.0,1.0,3,right_engine,1.3315215110778809,2.7774771320450937,0,0,0
120,0.1250687539577484,-0.01097798626869917,-0.1371355652809143,0.07920893281698227,-0.07435654103755951,0.09730406105518341,1.0,1.0,3,right_engine,1.2896904945373535,3.491371451747733,0,0,0
121,0.12401046603918076,-0.009456779807806015,-0.11685506999492645,0.06811879575252533,-0.06342925131320953,0.21857526898384094,1.0,1.0,3,right_engine,1.2606046199798584,2.9170201810320306,0,0,0
122,0.12310075759887695,-0.008151223883032799,-0.10052448511123657,0.058402590453624725,-0.05396079644560814,0.18939247727394104,1.0,1.0,3,right_engine,1.2397568225860596,3.0584959170279986,0,0,0
123,0.12235059589147568,-0.007162954658269882,-0.08234841376543045,0.044173311442136765,-0.046696484088897705,0.14529958367347717,1.0,1.0,3,right_engine,1.2358028888702393,2.8482519612257007,0,0,0
124,0.12176170200109482,-0.006510713137686253,-0.06384946405887604,0.029136763885617256,-0.04180312156677246,0.0978698655962944,1.0,1.0,3,right_engine,1.2446519136428833,2.26451683691331,0,0,0
125,0.12131652981042862,-0.006116106640547514,-0.047603052109479904,0.0176202692091465,-0.03874688595533371,0.061118971556425095,1.0,1.0,0,noop,1.2327872514724731,1.4029577725245836,0,0,0
126,0.12096576392650604,-0.005840733181685209,-0.03732055053114891,0.012295959517359734,-0.036546748131513596,0.04399408772587776,1.0,1.0,0,noop,1.2415268421173096,1.422397122972665,0,0,0
127,0.12073469161987305,-0.005601944867521524,-0.025065582245588303,0.010661707259714603,-0.03461997210979462,0.03852676600217819,1.0,1.0,0,noop,1.1805684566497803,1.2716546064129481,0,0,0
128,0.1206350326538086,-0.005343272816389799,-0.012023353017866611,0.011549236252903938,-0.03258185088634491,0.04076538607478142,1.0,1.0,0,noop,0.9636775255203247,0.6294502205646069,0,0,0
129,0.12061338126659393,-0.0050804875791072845,-0.0042595942504704,0.011725528165698051,-0.030516767874360085,0.04129808768630028,1.0,1.0,0,noop,0.8798812627792358,0.0747019178741759,0,0,0
130,0.12067756801843643,-0.004779758397489786,0.0040526422671973705,0.013413561508059502,-0.02818075381219387,0.04671810567378998,1.0,1.0,0,noop,0.834181010723114,-0.3533359348881575,0,0,0
131,0.12083053588867188,-0.004427816718816757,0.012567447498440742,0.015691811218857765,-0.02548299916088581,0.053954362869262695,1.0,1.0,0,noop,0.8183196783065796,-0.31908420759448575,0,0,0
132,0.1210511177778244,-0.004026093520224094,0.019010458141565323,0.017900018021464348,-0.02246003784239292,0.06047017499804497,1.0,1.0,0,noop,0.8228808641433716,-0.036988572481341464,0,0,0
133,0.12130556255578995,-0.0035877490881830454,0.022134844213724136,0.01952097937464714,-0.01918778195977211,0.06546277552843094,1.0,1.0,0,noop,0.8317357301712036,0.06938349816772416,0,0,0
134,0.1215892806649208,-0.0031383896712213755,0.024915507063269615,0.020010482519865036,-0.01577957347035408,0.06816410273313522,1.0,1.0,0,noop,0.840569019317627,0.6911289788614745,0,0,0
135,0.12182541191577911,-0.0031957889441400766,0.024150874465703964,-0.002556959632784128,-0.01630113646388054,-0.010430579073727131,1.0,1.0,0,noop,0.8208922147750854,-0.3565763630077079,0,0,0
136,0.12208614498376846,-0.0032848024275153875,0.02668721042573452,-0.003962791990488768,-0.016909923404455185,-0.012176443822681904,1.0,1.0,0,noop,0.8119200468063354,-0.3603862440117105,0,0,0
137,0.12237338721752167,-0.0033709192648530006,0.02938990853726864,-0.0038345311768352985,-0.017565125599503517,-0.013103937730193138,1.0,1.0,0,noop,0.8019918203353882,-0.37043426376923705,0,0,0
138,0.12268666923046112,-0.003463687840849161,0.03204924613237381,-0.0041328673250973225,-0.018278099596500397,-0.014259280636906624,1.0,1.0,1,left_engine,0.7925175428390503,0.9254787155776409,0,0,0
139,0.12290048599243164,-0.003527846420183778,0.021870827302336693,-0.0028580650687217712,-0.01876560039818287,-0.009750206023454666,1.0,1.0,0,noop,0.7983607053756714,-0.3467463550268164,0,0,0
140,0.12314033508300781,-0.003598442068323493,0.024536585435271263,-0.0031450509559363127,-0.0193107258528471,-0.010902393609285355,1.0,1.0,0,noop,0.7898449897766113,-0.3557869907593947,0,0,0
141,0.12340621650218964,-0.0036773704923689365,0.027195584028959274,-0.0035174402873963118,-0.019915714859962463,-0.012099937535822392,1.0,1.0,1,left_engine,0.7805948853492737,0.558883138176886,0,0,0
142,0.12360849231481552,-0.0037380242720246315,0.020692694932222366,-0.0027016536332666874,-0.020376676693558693,-0.009219291619956493,1.0,1.0,0,noop,0.7831587195396423,-0.3437246904219471,0,0,0
143,0.12383680045604706,-0.0038054371252655983,0.023363787680864334,-0.0030045509338378906,-0.02089579589664936,-0.01038234494626522,1.0,1.0,0,noop,0.7750977277755737,-0.35270989258981444,0,0,0
144,0.1240912452340126,-0.003881075419485569,0.026030391454696655,-0.003370523452758789,-0.021474719047546387,-0.011578621342778206,1.0,1.0,1,left_engine,0.767449140548706,0.4530613057276274,0,0,0
145,0.12429237365722656,-0.0039415862411260605,0.020579909905791283,-0.0026953634805977345,-0.02193320356309414,-0.00916976947337389,1.0,1.0,0,noop,0.768304169178009,-0.3440254254227071,0,0,0
146,0.1245197281241417,-0.004008641466498375,0.023258870467543602,-0.0029882588423788548,-0.022449694573879242,-0.010329874232411385,1.0,1.0,0,noop,0.7606764435768127,-0.35307383199407383,0,0,0
147,0.12477321922779083,-0.004084029234945774,0.025931576266884804,-0.0033605890348553658,-0.023026255890727043,-0.011531395837664604,1.0,1.0,1,left_engine,0.7544931173324585,0.6704864217950874,0,0,0
148,0.12495307624340057,-0.004137816373258829,0.018396994099020958,-0.002398272743448615,-0.023435624316334724,-0.008187440223991871,1.0,1.0,0,noop,0.7554901838302612,-0.33778934832351837,0,0,0
149,0.12515906989574432,-0.00419897073879838,0.02107900008559227,-0.0027241262141615152,-0.02390396222472191,-0.009366888552904129,1.0,1.0,0,noop,0.749649167060852,-0.34669969020198366,0,0,0
150,0.12539128959178925,-0.004268135875463486,0.02375952899456024,-0.003082847688347101,-0.024432135745882988,-0.01056351512670517,1.0,1.0,1,left_engine,0.7436497807502747,0.8621486614558773,0,0,0
151,0.12553253769874573,-0.004310586489737034,0.014449703507125378,-0.0018915558466687799,-0.02475375309586525,-0.006432550959289074,1.0,1.0,0,noop,0.7450674772262573,-0.3256819733999201,0,0,0
152,0.1256999969482422,-0.004360153805464506,0.017138181254267693,-0.002210815204307437,-0.025134293362498283,-0.007610872387886047,1.0,1.0,0,noop,0.7408217787742615,-0.3346167315019102,0,0,0
153,0.12589387595653534,-0.00441791070625186,0.019823620095849037,-0.00257374276407063,-0.025574874132871628,-0.008811590261757374,1.0,1.0,0,noop,0.7360333800315857,-0.34340157998151355,0,0,0
154,0.1261138916015625,-0.004483535420149565,0.022512242197990417,-0.002925079083070159,-0.026075217872858047,-0.010006684809923172,1.0,1.0,1,left_engine,0.7303798198699951,0.5888094268967141,0,0,0
155,0.12626905739307404,-0.004530170001089573,0.015867937356233597,-0.0020791131537407637,-0.026428306475281715,-0.007061822805553675,1.0,1.0,0,noop,0.7301229238510132,-0.33097979522473153,0,0,0
156,0.1264505386352539,-0.004583921283483505,0.01856387034058571,-0.002396992640569806,-0.026840386912226677,-0.008241649717092514,1.0,1.0,0,noop,0.7259514331817627,-0.3399459152211506,0,0,0
157,0.1266583502292633,-0.004645898472517729,0.02125644125044346,-0.0027626778464764357,-0.027312681078910828,-0.009445786476135254,1.0,1.0,1,left_engine,0.720515251159668,0.8114956000327613,0,0,0
158,0.12678059935569763,-0.0046830917708575726,0.012508394196629524,-0.001659017289057374,-0.027591465041041374,-0.005575648508965969,1.0,1.0,0,noop,0.7207678556442261,-0.3206269933712882,0,0,0
159,0.126929372549057,-0.004726793617010117,0.015212470665574074,-0.001948528690263629,-0.02792862430214882,-0.006743310485035181,1.0,1.0,0,noop,0.7175820469856262,-0.3296834406345752,0,0,0
160,0.12710437178611755,-0.004779007285833359,0.017908301204442978,-0.0023279187735170126,-0.028326410800218582,-0.00795591901987791,1.0,1.0,0,noop,0.7134859561920166,-0.33849512228160705,0,0,0
161,0.12730589509010315,-0.004839160479605198,0.02060859091579914,-0.0026826434768736362,-0.028784235939383507,-0.009156573563814163,1.0,1.0,1,left_engine,0.708256721496582,0.59795529461631,0,0,0
162,0.12744207680225372,-0.004880215972661972,0.013935597613453865,-0.001830297987908125,-0.029094211757183075,-0.00619968306273222,1.0,1.0,0,noop,0.7095770835876465,-0.3259755252317724,0,0,0
163,0.12760476768016815,-0.0049284957349300385,0.01664283126592636,-0.0021515931002795696,-0.029463479295372963,-0.007385204546153545,1.0,1.0,0,noop,0.7060248255729675,-0.3349461657189785,0,0,0
164,0.12779387831687927,-0.004984929692000151,0.019346721470355988,-0.002518520224839449,-0.02989315427839756,-0.008593513630330563,1.0,1.0,1,left_engine,0.70103520154953,0.5125813952155991,0,0,0
165,0.12792615592479706,-0.005024769343435764,0.013533106073737144,-0.0017783823423087597,-0.03019411489367485,-0.006019341293722391,1.0,1.0,0,noop,0.702011227607727,-0.325176368160335,0,0,0
166,0.1280849426984787,-0.005071904510259628,0.016244858503341675,-0.00210218015126884,-0.030554501339793205,-0.007207701914012432,1.0,1.0,0,noop,0.6986123919487,-0.33414877684842637,0,0,0
167,0.12827014923095703,-0.0051272655837237835,0.01895352639257908,-0.00246904487721622,-0.030975373461842537,-0.008417398668825626,1.0,1.0,1,left_engine,0.6934828162193298,0.4674633961311241,0,0,0
168,0.12840299308300018,-0.005167248193174601,0.013586141169071198,-0.0017833225429058075,-0.031277384608983994,-0.0060401661321520805,1.0,1.0,0,noop,0.6943968534469604,-0.3258520724217817,0,0,0
169,0.12856236100196838,-0.005214633885771036,0.016301892697811127,-0.0021140212193131447,-0.03163905069231987,-0.007233412005007267,1.0,1.0,1,left_engine,0.6909835934638977,0.7575546834254194,0,0,0
170,0.1286427527666092,-0.005239203106611967,0.008225672878324986,-0.0010954575845971704,-0.03182227537035942,-0.0036646362859755754,1.0,1.0,0,noop,0.6929565072059631,-0.30882384766918136,0,0,0
171,0.1287497580051422,-0.005270710214972496,0.01094604842364788,-0.0014053729828447104,-0.032064713537693024,-0.004848856944590807,1.0,1.0,0,noop,0.6897755265235901,-0.3178328059522997,0,0,0
172,0.1288832724094391,-0.005310621112585068,0.01366040576249361,-0.001780376653186977,-0.03236796334385872,-0.006064840592443943,1.0,1.0,0,noop,0.6867145895957947,-0.3266586236738718,0,0,0
173,0.12904338538646698,-0.005358543246984482,0.016378091648221016,-0.0021372607443481684,-0.032731566578149796,-0.007272224873304367,1.0,1.0,1,left_engine,0.6831327676773071,0.7404992771106518,0,0,0
174,0.1291261613368988,-0.005383720621466637,0.008465535938739777,-0.001123641966842115,-0.032919991761446,-0.0037684093695133924,1.0,1.0,0,noop,0.685036301612854,-0.3101000708846229,0,0,0
175,0.12923546135425568,-0.005416014231741428,0.011189744807779789,-0.0014424020191654563,-0.03316790238022804,-0.004958506673574448,1.0,1.0,0,noop,0.681958794593811,-0.31909561277389287,0,0,0
176,0.12937135994434357,-0.005456676706671715,0.013909243047237396,-0.001814353629015386,-0.03347662091255188,-0.006174384616315365,1.0,1.0,1,left_engine,0.6791170239448547,0.5945321037656133,0,0,0
177,0.12944450974464417,-0.0054792072623968124,0.0074738264083862305,-0.0010048144031316042,-0.03364327549934387,-0.0033329271245747805,1.0,1.0,0,noop,0.6804614067077637,-0.3071924514831501,0,0,0
178,0.12954425811767578,-0.0055084251798689365,0.01020322646945715,-0.0013049034168943763,-0.03386903554201126,-0.004515178967267275,1.0,1.0,0,noop,0.6773805618286133,-0.3162534401297279,0,0,0
179,0.12967053055763245,-0.005546226631850004,0.012924799695611,-0.0016859284369274974,-0.034155845642089844,-0.0057363612577319145,1.0,1.0,0,noop,0.6745822429656982,-0.3251032210497229,0,0,0
180,0.12982359528541565,-0.005592038854956627,0.01565009355545044,-0.0020446318667382,-0.03450319170951843,-0.00694709736853838,1.0,1.0,1,left_engine,0.6708460450172424,0.768526565401147,0,0,0
181,0.12989673018455505,-0.005614748224616051,0.007488679140806198,-0.0010117917554453015,-0.03467023745179176,-0.003341175150126219,1.0,1.0,0,noop,0.6731650233268738,-0.3076695375082359,0,0,0
182,0.12999668717384338,-0.005643930286169052,0.010223432444036007,-0.0013038183096796274,-0.034896302968263626,-0.004521184600889683,1.0,1.0,0,noop,0.6701672077178955,-0.31678817908196777,0,0,0
183,0.13012322783470154,-0.005681803449988365,0.012948939576745033,-0.0016898440662771463,-0.035183604806661606,-0.005745999980717897,1.0,1.0,1,left_engine,0.6676924228668213,0.4706035660002261,0,0,0
184,0.1301988661289215,-0.005705120507627726,0.007734280079603195,-0.0010391304967924953,-0.035355959087610245,-0.0034471084363758564,1.0,1.0,0,noop,0.6681551933288574,-0.3087961003350088,0,0,0
185,0.13030119240283966,-0.005735197104513645,0.010470828041434288,-0.0013423035852611065,-0.035587627440690994,-0.0046334220096468925,1.0,1.0,0,noop,0.6652361154556274,-0.3178861979286154,0,0,0
186,0.1304302215576172,-0.005773820914328098,0.013199860230088234,-0.0017237424617633224,-0.03588046133518219,-0.005856938194483519,1.0,1.0,1,left_engine,0.662788987159729,0.8653565765497799,0,0,0
187,0.1304711401462555,-0.005786552559584379,0.0041850171983242035,-0.0005689133540727198,-0.03597388416528702,-0.0018682772060856223,1.0,1.0,0,noop,0.665740430355072,-0.2977284040866941,0,0,0
188,0.13053885102272034,-0.005806400906294584,0.0069228955544531345,-0.0008846738492138684,-0.036126960068941116,-0.0030615690629929304,1.0,1.0,0,noop,0.663101851940155,-0.30673057615207355,0,0,0
189,0.1306331604719162,-0.005834653507918119,0.0096548181027174,-0.001261143246665597,-0.03634113818407059,-0.00428355997428298,1.0,1.0,0,noop,0.6602514982223511,-0.31557865237001437,0,0,0
190,0.1307542771100998,-0.005870952736586332,0.012389539740979671,-0.0016208094311878085,-0.03661603480577469,-0.00549785140901804,1.0,1.0,1,left_engine,0.6578798890113831,0.6976077285613169,0,0,0
191,0.13080330193042755,-0.005885973107069731,0.005013332236558199,-0.0006692899623885751,-0.03672761097550392,-0.002231355756521225,1.0,1.0,0,noop,0.6599205732345581,-0.30077399916441294,0,0,0
192,0.13087911903858185,-0.00590839609503746,0.0077527412213385105,-0.00100127758923918,-0.03689927980303764,-0.0034333455841988325,1.0,1.0,0,noop,0.6571587324142456,-0.3097349018129876,0,0,0
193,0.13098163902759552,-0.0059391167014837265,0.010488730855286121,-0.0013713781954720616,-0.03713195398449898,-0.004653350915759802,1.0,1.0,1,left_engine,0.6546779274940491,0.513812544108686,0,0,0
194,0.13102999329566956,-0.005953958258032799,0.004936907906085253,-0.0006612571305595338,-0.0372418612241745,-0.0021981648169457912,1.0,1.0,0,noop,0.6563107967376709,-0.3007448571478477,0,0,0
195,0.13110503554344177,-0.005976131185889244,0.007678858935832977,-0.000990562723018229,-0.03741183504462242,-0.003399596083909273,1.0,1.0,0,noop,0.653558075428009,-0.30972132332271585,0,0,0
196,0.13120679557323456,-0.006006636656820774,0.010416903533041477,-0.0013623086269944906,-0.037642884999513626,-0.004621063359081745,1.0,1.0,1,left_engine,0.651253342628479,0.6550126697975369,0,0,0
197,0.13124112784862518,-0.006017365492880344,0.0035099138040095568,-0.0004782714822795242,-0.03772122785449028,-0.0015667101833969355,1.0,1.0,0,noop,0.6537045836448669,-0.29635712795069935,0,0,0
198,0.13130226731300354,-0.006035318598151207,0.006254685577005148,-0.0008008252480067313,-0.037859514355659485,-0.0027657451573759317,1.0,1.0,0,noop,0.6511706113815308,-0.30536402576732513,0,0,0
199,0.13139018416404724,-0.00606163963675499,0.00899428315460682,-0.0011762009235098958,-0.038058988749980927,-0.003989525139331818,1.0,1.0,0,noop,0.6484892964363098,-0.314226380872487,0,0,0
200,0.13150492310523987,-0.006096079479902983,0.011736391112208366,-0.0015369608299806714,-0.03831931948661804,-0.005206590984016657,1.0,1.0,1,left_engine,0.6461026668548584,0.8405014686474435,0,0,0
201,0.13153429329395294,-0.006105413660407066,0.003005820559337735,-0.0004166499129496515,-0.038386572152376175,-0.0013450231635943055,1.0,1.0,0,noop,0.649262547492981,-0.29500839229559617,0,0,0
202,0.1315905600786209,-0.006121792830526829,0.005754399113357067,-0.0007309213979169726,-0.03851361572742462,-0.0025411988608539104,1.0,1.0,0,noop,0.6468005776405334,-0.30405636299372674,0,0,0
203,0.13167361915111542,-0.006146683823317289,0.008496314287185669,-0.001111151766963303,-0.038702014833688736,-0.0037680654786527157,1.0,1.0,0,noop,0.6441859006881714,-0.31291408411194865,0,0,0
204,0.13178348541259766,-0.006179692689329386,0.011241122148931026,-0.001472793985158205,-0.038951341062784195,-0.0049864621832966805,1.0,1.0,1,left_engine,0.6418156623840332,0.9609728125449533,0,0,0
205,0.1317969262599945,-0.006184091791510582,0.001368847442790866,-0.0001974013721337542,-0.03898216038942337,-0.0006162457866594195,1.0,1.0,0,noop,0.6458737254142761,-0.29004220984654694,0,0,0
206,0.1318371742963791,-0.0061957500874996185,0.004119091667234898,-0.0005202698521316051,-0.039073023945093155,-0.00181733095087111,1.0,1.0,0,noop,0.6437389850616455,-0.29906202578147756,0,0,0
207,0.13190431892871857,-0.006215848959982395,0.006863737944513559,-0.000897918245755136,-0.03922523185610771,-0.0030437542591243982,1.0,1.0,0,noop,0.6411371827125549,-0.3079197252988415,0,0,0
208,0.13199834525585175,-0.006244065705686808,0.009610816836357117,-0.001259596785530448,-0.039438385516405106,-0.0042629605159163475,1.0,1.0,1,left_engine,0.6389198899269104,0.5227480028696878,0,0,0
209,0.1320374459028244,-0.006255974993109703,0.0040017347782850266,-0.0005322028300724924,-0.039527323096990585,-0.0017787825781852007,1.0,1.0,0,noop,0.6405447721481323,-0.298811351114324,0,0,0
210,0.13210344314575195,-0.006275644525885582,0.006751934997737408,-0.0008773145964369178,-0.039676859974861145,-0.0029908791184425354,1.0,1.0,0,noop,0.6379873752593994,-0.3077607078950173,0,0,0
211,0.1321963369846344,-0.006303503643721342,0.00950036570429802,-0.0012445683823898435,-0.03988751396536827,-0.004213234409689903,1.0,1.0,1,left_engine,0.6357930898666382,0.46778640801049787,0,0,0
212,0.132239431142807,-0.006317129358649254,0.0044196853414177895,-0.0006076060817576945,-0.039986226707696915,-0.001974238781258464,1.0,1.0,0,noop,0.6369978189468384,-0.30023625455962843,0,0,0
213,0.13230963051319122,-0.0063375853933393955,0.0071761347353458405,-0.0009137805900536478,-0.040144678205251694,-0.003169101197272539,1.0,1.0,0,noop,0.6345130205154419,-0.30934786047478724,0,0,0
214,0.13240662217140198,-0.0063666608184576035,0.009924588724970818,-0.001299190684221685,-0.04036470130085945,-0.004400397650897503,1.0,1.0,1,left_engine,0.6322929263114929,0.5336504965305136,0,0,0
215,0.13244763016700745,-0.006379535421729088,0.004198343027383089,-0.0005746248061768711,-0.04045839607715607,-0.0018738744547590613,1.0,1.0,0,noop,0.633716881275177,-0.29976113047796815,0,0,0
216,0.13251562416553497,-0.006399490870535374,0.006955914199352264,-0.0008894932107068598,-0.040612056851387024,-0.003073399420827627,1.0,1.0,1,left_engine,0.6313923597335815,0.561926725479599,0,0,0
217,0.13250455260276794,-0.006398703902959824,-0.0011229871306568384,3.497875150060281e-05,-0.04059290140867233,0.00037415281985886395,1.0,1.0,0,noop,0.6357107758522034,-0.05911614073578875,0,0,0
218,0.13252095878124237,-0.006400241982191801,0.0016664136201143265,-6.906003545736894e-05,-0.040623292326927185,-0.0006080344319343567,1.0,1.0,0,noop,0.6337680816650391,-0.29133136344441724,0,0,0
219,0.13256406784057617,-0.006412937771528959,0.004403587430715561,-0.0005680624744854867,-0.040720704942941666,-0.0019480889895930886,1.0,1.0,0,noop,0.6316874623298645,-0.30070663250918983,0,0,0
220,0.1326339691877365,-0.006434001959860325,0.007155922707170248,-0.0009414071100763977,-0.040879424661397934,-0.0031747042667120695,1.0,1.0,1,left_engine,0.6295769810676575,0.5941987979055565,0,0,0
221,0.1326240599155426,-0.0064332508482038975,-0.001002107746899128,3.2748677767813206e-05,-0.0408623181283474,0.0003344520810060203,1.0,1.0,0,noop,0.6337141990661621,-0.08370401459371735,0,0,0
222,0.13264159858226776,-0.0064360047690570354,0.001781501225195825,-0.00012212409637868404,-0.04089865833520889,-0.0007268934277817607,1.0,1.0,0,noop,0.631783664226532,-0.29213971329872024,0,0,0
223,0.13268575072288513,-0.006449129432439804,0.004524402320384979,-0.0005860485252924263,-0.04099879786372185,-0.0020026364363729954,1.0,1.0,0,noop,0.6296324729919434,-0.3012155153270015,0,0,0
224,0.13275690376758575,-0.006470551714301109,0.007278211414813995,-0.0009568312088958919,-0.0411602146923542,-0.0032284180633723736,1.0,1.0,1,left_engine,0.627568244934082,0.6576093913372685,0,0,0
225,0.1327522248029709,-0.0064703370444476604,-0.0004773570108227432,9.36924152483698e-06,-0.04115218669176102,0.00015688234998378903,1.0,1.0,0,noop,0.6313263773918152,-0.19011075590250925,0,0,0
226,0.13277454674243927,-0.006476237904280424,0.002291275653988123,-0.0002615033881738782,-0.04120201617479324,-0.0009966009529307485,1.0,1.0,0,noop,0.6293750405311584,-0.2941491171658228,0,0,0
227,0.13282394409179688,-0.006490971893072128,0.005043025128543377,-0.0006585409864783287,-0.04131375625729561,-0.0022346554324030876,1.0,1.0,0,noop,0.6270949244499207,-0.30300370385212716,0,0,0
228,0.1329001486301422,-0.006513895932585001,0.007798800710588694,-0.001023862394504249,-0.04148668423295021,-0.0034583606757223606,1.0,1.0,1,left_engine,0.6251053810119629,0.4921829402243436,0,0,0
229,0.13292494416236877,-0.006521942559629679,0.0025366111658513546,-0.0003587828541640192,-0.04154355823993683,-0.0011376014444977045,1.0,1.0,0,noop,0.6268229484558105,-0.2949039101218318,0,0,0
230,0.13297681510448456,-0.0065369270741939545,0.005299238953739405,-0.0006703955586999655,-0.041660428047180176,-0.0023372857831418514,1.0,1.0,0,noop,0.6244478225708008,-0.304006584691475,0,0,0
231,0.13305559754371643,-0.006560566369444132,0.008054351434111595,-0.0010551349259912968,-0.041838958859443665,-0.0035703156609088182,1.0,1.0,1,left_engine,0.6225364804267883,0.6383839931221129,0,0,0
232,0.13306903839111328,-0.00656532309949398,0.001378373708575964,-0.00021062254381831735,-0.041870251297950745,-0.0006257987697608769,1.0,1.0,0,noop,0.6251071691513062,-0.291292403421771,0,0,0
233,0.13310956954956055,-0.0065768384374678135,0.00414321618154645,-0.000515030580572784,-0.041961394250392914,-0.0018227864056825638,1.0,1.0,0,noop,0.6229063868522644,-0.3004252066896491,0,0,0
234,0.1331769973039627,-0.006597044412046671,0.0068992250598967075,-0.0009034726535901427,-0.04211428016424179,-0.0030578882433474064,1.0,1.0,1,left_engine,0.6207006573677063,0.5669803996183707,0,0,0
235,0.13316698372364044,-0.006596043240278959,-0.0010148952715098858,4.584196722134948e-05,-0.04209672659635544,0.0003432974626775831,1.0,1.0,0,noop,0.6248877048492432,-0.08146041246807556,0,0,0
236,0.13318443298339844,-0.006599011365324259,0.0017715614521875978,-0.00013303061132319272,-0.042133133858442307,-0.0007281554280780256,1.0,1.0,0,noop,0.6229314208030701,-0.2927116656130444,0,0,0
237,0.1332285851240158,-0.006612136494368315,0.0045209238305687904,-0.0005868520238436759,-0.042233195155858994,-0.002001127926632762,1.0,1.0,0,noop,0.6207672953605652,-0.30174873684324055,0,0,0
238,0.13329973816871643,-0.006633558310568333,0.0072801001369953156,-0.0009575586300343275,-0.04239461198449135,-0.0032285519409924746,1.0,1.0,1,left_engine,0.6185941100120544,0.5532826825964474,0,0,0
239,0.133313849568367,-0.006638028658926487,0.0014497543452307582,-0.00019875694124493748,-0.042426954954862595,-0.0006468854262493551,1.0,1.0,0,noop,0.6210585832595825,-0.2919243663622453,0,0,0
240,0.13335514068603516,-0.006650223862379789,0.004212486557662487,-0.0005445923306979239,-0.04252012073993683,-0.0018634169828146696,1.0,1.0,0,noop,0.618867814540863,-0.30087318786579687,0,0,0
241,0.13342323899269104,-0.006670715752989054,0.006972938776016235,-0.0009148612734861672,-0.04267466813325882,-0.003091010730713606,1.0,1.0,1,left_engine,0.6166967153549194,0.6195552225831069,0,0,0
242,0.13341780006885529,-0.0066704656928777695,-0.0005517505342140794,1.0803964869410265e-05,-0.042665399610996246,0.0001811583642847836,1.0,1.0,0,noop,0.6205072999000549,-0.17573847425204647,0,0,0
243,0.1334395408630371,-0.006676008924841881,0.002225555945187807,-0.00024565047351643443,-0.042713575065135956,-0.0009637658367864788,1.0,1.0,0,noop,0.6185495257377625,-0.2945986922720998,0,0,0
244,0.133488267660141,-0.006690564099699259,0.004982975777238607,-0.0006507339421659708,-0.042823947966098785,-0.0022073013242334127,1.0,1.0,1,left_engine,0.616506814956665,0.4569377278496607,0,0,0
245,0.13348674774169922,-0.006690456997603178,-0.00016010412946343422,4.149806500208797e-06,-0.04282122850418091,5.292222340358421e-05,1.0,1.0,0,noop,0.6191290020942688,-0.25507068552743917,0,0,0
246,0.13351210951805115,-0.0066979313269257545,0.0026063339319080114,-0.00033358510700054467,-0.04287878796458244,-0.001151160686276853,1.0,1.0,0,noop,0.6171752214431763,-0.29589310982469286,0,0,0
247,0.13356466591358185,-0.006713666953146458,0.005368316080421209,-0.0007041466305963695,-0.04299774393439293,-0.002379415323957801,1.0,1.0,1,left_engine,0.615048885345459,0.38657321825530144,0,0,0
248,0.13355207443237305,-0.006712236441671848,-0.0012818712275475264,6.442426820285618e-05,-0.04297546669840813,0.00043579022167250514,1.0,1.0,0,noop,0.618761420249939,-0.029560977424125667,0,0,0
249,0.13356733322143555,-0.006713559851050377,0.001542803831398487,-6.218075577635318e-05,-0.04299520328640938,-0.0003888591018039733,1.0,1.0,0,noop,0.6166619062423706,-0.29127927386344865,0,0,0
250,0.13360920548439026,-0.006725969258695841,0.004284112714231014,-0.0005531978094950318,-0.043089933693408966,-0.0018945267656818032,1.0,1.0,0,noop,0.6148195266723633,-0.3013786674320862,0,0,0
251,0.13367804884910583,-0.0067467475309967995,0.007046529557555914,-0.0009282924584113061,-0.04324617609381676,-0.003125044982880354,1.0,1.0,1,left_engine,0.6125698685646057,0.4989873027770113,0,0,0
252,0.13369512557983398,-0.0067523266188800335,0.0017433514585718513,-0.0002491644991096109,-0.0432853177189827,-0.000782688322942704,1.0,1.0,0,noop,0.6146926283836365,-0.29316746655639037,0,0,0
253,0.13373927772045135,-0.006765165366232395,0.0045122005976736546,-0.0005733179277740419,-0.04338483512401581,-0.0019906898960471153,1.0,1.0,1,left_engine,0.6126503348350525,0.2910719727023594,0,0,0
254,0.13372573256492615,-0.006763841956853867,-0.0013737418921664357,6.021424269420095e-05,-0.0433611236512661,0.0004635160730686039,1.0,1.0,0,noop,0.6160038113594055,-0.016469536667234053,0,0,0
255,0.13374051451683044,-0.006765344180166721,0.001499196863733232,-7.030543929431587e-05,-0.04338519647717476,-0.0004756856360472739,1.0,1.0,0,noop,0.6139338612556458,-0.2915509689768392,0,0,0
256,0.13378199934959412,-0.006777610629796982,0.004245304968208075,-0.0005474570789374411,-0.04347904026508331,-0.0018768359441310167,1.0,1.0,1,left_engine,0.6121066808700562,0.24361970245505774,0,0,0
257,0.1337665617465973,-0.006775858346372843,-0.00158530508633703,8.019172673812136e-05,-0.04345148801803589,0.0005390009609982371,1.0,1.0,0,noop,0.6154707074165344,-0.0014282899222983758,0,0,0
258,0.13378171622753143,-0.006777861155569553,0.001556646777316928,-8.823082316666842e-05,-0.04347871243953705,-0.0005328886909410357,1.0,1.0,0,noop,0.6132521629333496,-0.29141799541585556,0,0,0
259,0.13382378220558167,-0.006790235172957182,0.004300170578062534,-0.0005536052631214261,-0.04357374832034111,-0.0019005906069651246,1.0,1.0,1,left_engine,0.6113918423652649,0.23893301018854743,0,0,0
260,0.13380737602710724,-0.006788482889533043,-0.001690234406851232,7.855401781853288e-05,-0.04354448989033699,0.0005719545297324657,1.0,1.0,0,noop,0.6148715019226074,0.0057309522827750925,0,0,0
261,0.13382291793823242,-0.00679030641913414,0.0015892880037426949,-8.298524335259572e-05,-0.04357216879725456,-0.0005413057515397668,1.0,1.0,0,noop,0.6125558614730835,-0.2914837099458971,0,0,0
262,0.13386526703834534,-0.006802752148360014,0.004332137294113636,-0.0005560604622587562,-0.043667860329151154,-0.0019138548523187637,1.0,1.0,1,left_engine,0.6106934547424316,0.3251605445078749,0,0,0
263,0.13385696709156036,-0.006802072748541832,-0.0008381807128898799,3.083450792473741e-05,-0.04365350678563118,0.0002804987016133964,1.0,1.0,0,noop,0.613533079624176,-0.11807981731095296,0,0,0
264,0.1338760405778885,-0.006806614343076944,0.00194804766215384,-0.00020136892271693796,-0.043695345520973206,-0.0008366940310224891,1.0,1.0,0,noop,0.6115885972976685,-0.29412950353939493,0,0,0
265,0.13392210006713867,-0.00682038301602006,0.0047088684514164925,-0.0006143471691757441,-0.043799590319395065,-0.0020850971341133118,1.0,1.0,1,left_engine,0.6095620393753052,0.3607973949100238,0,0,0
266,0.13391351699829102,-0.006819667760282755,-0.0008636153070256114,3.2060106605058536e-05,-0.043784789741039276,0.000289108429569751,1.0,1.0,0,noop,0.6126213073730469,-0.11298047436354253,0,0,0
267,0.13393239676952362,-0.00682392343878746,0.0019243716960772872,-0.00019089371198788285,-0.043825913220644,-0.0008225021883845329,1.0,1.0,0,noop,0.6106733679771423,-0.29409396377142727,0,0,0
268,0.13397817313671112,-0.006837585009634495,0.0046849846839904785,-0.0006108741508796811,-0.04392961412668228,-0.0020742774941027164,1.0,1.0,1,left_engine,0.6086512207984924,0.34149281313431,0,0,0
269,0.13396796584129333,-0.0068365479819476604,-0.0010367922950536013,4.808997255167924e-05,-0.04391166567802429,0.0003507020010147244,1.0,1.0,0,noop,0.6118336915969849,-0.07781974344119647,0,0,0
270,0.13398513197898865,-0.00683983787894249,0.0017558265244588256,-0.0001484547246946022,-0.04394836723804474,-0.0007340884185396135,1.0,1.0,0,noop,0.6098877191543579,-0.2935347158562571,0,0,0
271,0.13402919471263885,-0.006852998863905668,0.004514798521995544,-0.0005874743219465017,-0.04404827207326889,-0.001998287159949541,1.0,1.0,1,left_engine,0.6079009175300598,0.300775582836452,0,0,0
272,0.1340167075395584,-0.006851568352431059,-0.0012782869162037969,6.314042548183352e-05,-0.04402608051896095,0.0004338499275036156,1.0,1.0,0,noop,0.6111829876899719,-0.028847120518076252,0,0,0
273,0.13403186202049255,-0.0068529630079865456,0.0015319489175453782,-6.314242637017742e-05,-0.044045932590961456,-0.00039132017991505563,1.0,1.0,0,noop,0.6090973615646362,-0.2917723993369066,0,0,0
274,0.13407373428344727,-0.006865337025374174,0.004278297536075115,-0.0005532862269319594,-0.0441405363380909,-0.0018919298890978098,1.0,1.0,1,left_engine,0.6073112487792969,0.36652967948734383,0,0,0
275,0.13407011330127716,-0.006865229457616806,-0.0003582024364732206,5.2156474339426495e-06,-0.04413454979658127,0.00011680465104291216,1.0,1.0,0,noop,0.6097556352615356,-0.21562629818645718,0,0,0
276,0.13409385085105896,-0.006871845573186874,0.002419401193037629,-0.00029552113846875727,-0.04418761655688286,-0.0010613992344588041,1.0,1.0,0,noop,0.6077954173088074,-0.29587934042796604,0,0,0
277,0.13414449989795685,-0.006887080613523722,0.005185610614717007,-0.0006795069784857333,-0.04430249705910683,-0.002297408180311322,1.0,1.0,1,left_engine,0.6056659817695618,0.38645288236299646,0,0,0
278,0.1341337263584137,-0.006886007729917765,-0.0010940220672637224,4.962761886417866e-05,-0.04428358003497124,0.00036953779635950923,1.0,1.0,0,noop,0.6091723442077637,-0.06641701513377285,0,0,0
279,0.13415050506591797,-0.006888689938932657,0.0017035563942044973,-0.00012108068040106446,-0.04431814327836037,-0.000691275461576879,1.0,1.0,0,noop,0.6072093844413757,-0.29343883864970977,0,0,0
280,0.13419409096240997,-0.00690167210996151,0.004461848642677069,-0.0005795803153887391,-0.04441685974597931,-0.0019741621799767017,1.0,1.0,1,left_engine,0.6052365303039551,0.2313711968352277,0,0,0
281,0.13417530059814453,-0.006899740546941757,-0.0019359251018613577,8.795440226094797e-05,-0.044383421540260315,0.0006539684254676104,1.0,1.0,0,noop,0.6090883016586304,0.022513891815854947,0,0,0
282,0.13419151306152344,-0.006901564542204142,0.0016654590144753456,-8.368983981199563e-05,-0.04441235959529877,-0.0005656496505253017,1.0,1.0,0,noop,0.6064842939376831,-0.29198846275736656,0,0,0
283,0.13423451781272888,-0.006914153229445219,0.00441073440015316,-0.0005630599334836006,-0.04450967535376549,-0.0019467606907710433,1.0,1.0,1,left_engine,0.604591965675354,0.307718949116109,0,0,0
284,0.13422374427318573,-0.006913366261869669,-0.001098248758353293,3.701565947267227e-05,-0.04449094459414482,0.0003660006041172892,1.0,1.0,0,noop,0.6077312231063843,-0.06586004876124107,0,0,0
285,0.13424043357372284,-0.0069160484708845615,0.0017016527708619833,-0.00012082198372809216,-0.04452567547559738,-0.0006951377145014703,1.0,1.0,0,noop,0.6057400107383728,-0.29353016083705796,0,0,0
286,0.13428401947021484,-0.006928994785994291,0.00446090754121542,-0.0005792334559373558,-0.044624365866184235,-0.0019735675305128098,1.0,1.0,1,left_engine,0.6037576198577881,0.26893191675499506,0,0,0
287,0.13426895439624786,-0.00692763552069664,-0.0015494970139116049,6.30650101811625e-05,-0.04459774121642113,0.0005205404013395309,1.0,1.0,0,noop,0.6073141694068909,-0.00456909064196509,0,0,0
288,0.134284108877182,-0.0069292448461055756,0.0015526789939031005,-7.296788680832833e-05,-0.04462459310889244,-0.0005253569688647985,1.0,1.0,0,noop,0.6050382852554321,-0.2918223528626527,0,0,0
289,0.13432617485523224,-0.006941618863493204,0.004299543332308531,-0.0005531979841180146,-0.04471958428621292,-0.00189969502389431,1.0,1.0,1,left_engine,0.6031506657600403,0.3505567560715843,0,0,0
290,0.13432082533836365,-0.00694136880338192,-0.0005437876679934561,1.2390785741445143e-05,-0.044710420072078705,0.00017893109179567546,1.0,1.0,0,noop,0.6057836413383484,-0.17828378895893593,0,0,0
291,0.134342759847641,-0.006947197951376438,0.002240652684122324,-0.00026039776275865734,-0.044759247452020645,-0.0009764671558514237,1.0,1.0,0,noop,0.603835940361023,-0.2955596752118623,0,0,0
292,0.1343916952610016,-0.006961860693991184,0.005008109379559755,-0.000655481475405395,-0.04487013816833496,-0.0022180916275829077,1.0,1.0,1,left_engine,0.6016996502876282,0.3714066871505477,0,0,0
293,0.13438120484352112,-0.006960787810385227,-0.001064625452272594,4.697430631495081e-05,-0.04485176503658295,0.0003589871048461646,1.0,1.0,0,noop,0.6051702499389648,-0.07264267451808237,0,0,0
294,0.1343981772661209,-0.006963755935430527,0.0017341341590508819,-0.00013313975068740547,-0.04488750919699669,-0.0007150361780077219,1.0,1.0,0,noop,0.6031463146209717,-0.29384066788017904,0,0,0
295,0.13444213569164276,-0.00697684520855546,0.004495745524764061,-0.0005846342537552118,-0.044986970722675323,-0.001989297568798065,1.0,1.0,1,left_engine,0.6011423468589783,0.23182873139381613,0,0,0
296,0.13442297279834747,-0.006974663585424423,-0.001966229174286127,9.851683716988191e-05,-0.044952843338251114,0.0006673730676993728,1.0,1.0,0,noop,0.6051160097122192,0.024738010235939356,0,0,0
297,0.13443918526172638,-0.006976666394621134,0.0016732584917917848,-9.253015741705894e-05,-0.044982049614191055,-0.0005712650017812848,1.0,1.0,0,noop,0.6024279594421387,-0.2923297116419121,0,0,0
298,0.1344824731349945,-0.006989326328039169,0.0044217295944690704,-0.0005647992365993559,-0.045079611241817474,-0.0019515461754053831,1.0,1.0,1,left_engine,0.6005114316940308,0.3709384102099851,0,0,0
299,0.13447800278663635,-0.006988968700170517,-0.00046033496619202197,1.6276502719847485e-05,-0.04507175460457802,0.00015363417332991958,1.0,1.0,0,noop,0.6031923890113831,-0.19525768098401386,0,0,0
300,0.13450059294700623,-0.006995298899710178,0.0023221182636916637,-0.00028367951745167375,-0.045122671872377396,-0.0010186086874455214,1.0,1.0,0,noop,0.6013507843017578,-0.2959847457371545,0,0,0
301,0.13455037772655487,-0.007010212168097496,0.005092384293675423,-0.0006676146294921637,-0.04523545131087303,-0.002255758037790656,1.0,1.0,1,left_engine,0.5990924835205078,0.34485751455839986,0,0,0
302,0.13453646004199982,-0.007008817046880722,-0.0014245128259062767,6.357303936965764e-05,-0.045210883021354675,0.0004804438794963062,1.0,1.0,0,noop,0.6029224991798401,-0.013615031208747297,0,0,0
303,0.13455133140087128,-0.007010498084127903,0.0015188459074124694,-7.682024443056434e-05,-0.045237231999635696,-0.000515678315423429,1.0,1.0,0,noop,0.6006907224655151,-0.2920599553547305,0,0,0
304,0.13459309935569763,-0.0070228721015155315,0.00426928186789155,-0.0005507785826921463,-0.045331597328186035,-0.0018867902690544724,1.0,1.0,1,left_engine,0.5987848043441772,0.21212695145605423,0,0,0
305,0.13457432389259338,-0.007020976394414902,-0.0019337199628353119,8.459374657832086e-05,-0.04529828205704689,0.000651450187433511,1.0,1.0,0,noop,0.602666437625885,0.022217393788942275,0,0,0
306,0.1345905363559723,-0.0070227645337581635,0.001666296273469925,-8.075664663920179e-05,-0.045327141880989075,-0.0005643825279548764,1.0,1.0,0,noop,0.5999545454978943,-0.2923815105940477,0,0,0
307,0.1346336305141449,-0.007035389076918364,0.004415059462189674,-0.0005639703595079482,-0.04542456939816475,-0.0019484428921714425,1.0,1.0,1,left_engine,0.5980355739593506,0.21842106727176372,0,0,0
308,0.1346139907836914,-0.007033135741949081,-0.002018953440710902,0.00010105916589964181,-0.04538954794406891,0.0006849622586742043,1.0,1.0,0,noop,0.602078378200531,0.028164975086966137,0,0,0
309,0.13463039696216583,-0.007035174407064915,0.001691232668235898,-9.387875616084784e-05,-0.045419055968523026,-0.0005772834992967546,1.0,1.0,0,noop,0.5993121266365051,-0.2925565187527539,0,0,0
310,0.13467378914356232,-0.007047870196402073,0.004441377241164446,-0.0005669367383234203,-0.04551704600453377,-0.0019598419312387705,1.0,1.0,1,left_engine,0.5973608493804932,0.3757026817805251,0,0,0
311,0.13466958701610565,-0.007047727238386869,-0.00043173693120479584,6.0967295212321915e-06,-0.04550985246896744,0.0001405800285283476,1.0,1.0,0,noop,0.6000984907150269,-0.20135834194470803,0,0,0
312,0.13469266891479492,-0.0070539857260882854,0.002353954128921032,-0.0002799501526169479,-0.0455612987279892,-0.0010287881596013904,1.0,1.0,1,left_engine,0.5981775522232056,-0.055733974967348415,0,0,0
313,0.1346663534641266,-0.007051017135381699,-0.0026977150700986385,0.00013580425002146512,-0.04551449045538902,0.0009154198924079537,1.0,1.0,0,noop,0.6016340255737305,0.07892304673752903,0,0,0
314,0.13468436896800995,-0.007053198758512735,0.0018589089158922434,-9.75424045464024e-05,-0.04554681107401848,-0.0006323271081782877,1.0,1.0,0,noop,0.598399817943573,-0.2929354649791449,0,0,0
315,0.13472947478294373,-0.0070661092177033424,0.004607651382684708,-0.0005774900200776756,-0.04564820975065231,-0.0020280235912650824,1.0,1.0,1,left_engine,0.5963420867919922,0.32662568744936604,0,0,0
316,0.1347186118364334,-0.007064857520163059,-0.0011061567347496748,5.599098949460313e-05,-0.045629002153873444,0.00037543740472756326,1.0,1.0,0,noop,0.5997663140296936,-0.06444949369820918,0,0,0
317,0.13473519682884216,-0.007067825645208359,0.0016953104641288519,-0.00013330232468433678,-0.045663800090551376,-0.0006962537881918252,1.0,1.0,0,noop,0.5977733731269836,-0.29406718845948987,0,0,0
318,0.13477878272533417,-0.007080807816237211,0.0044606816954910755,-0.0005806137342005968,-0.045762501657009125,-0.001973664853721857,1.0,1.0,1,left_engine,0.5956277847290039,0.3753112560936256,0,0,0
319,0.13477429747581482,-0.0070803784765303135,-0.00045717228204011917,1.8653392544365488e-05,-0.04575464501976967,0.0001534562761662528,1.0,1.0,0,noop,0.5984199643135071,-0.1961847727205921,0,0,0
320,0.1347970962524414,-0.007086779922246933,0.0023276526480913162,-0.0002864371344912797,-0.045805737376213074,-0.0010219002142548561,1.0,1.0,1,left_engine,0.5964774489402771,0.08590106687074808,0,0,0
321,0.13478508591651917,-0.007085707038640976,-0.0012181804049760103,4.8921348934527487e-05,-0.045784831047058105,0.000408580934163183,1.0,1.0,0,noop,0.598776638507843,-0.042031006646446656,0,0,0
322,0.1348007172346115,-0.007087817415595055,0.0015899252612143755,-9.523060725769028e-05,-0.04581579938530922,-0.0006194240413606167,1.0,1.0,0,noop,0.5967232584953308,-0.29363246414265376,0,0,0
323,0.13484326004981995,-0.0071004414930939674,0.004353207070380449,-0.0005649311351589859,-0.04591204971075058,-0.0019252358470112085,1.0,1.0,1,left_engine,0.5946225523948669,0.38229280585737624,0,0,0
324,0.1348404884338379,-0.00710047734901309,-0.0002740094787441194,-1.3369034377319622e-06,-0.045907579362392426,8.72248929226771e-05,1.0,1.0,0,noop,0.5972303152084351,-0.23347515420971376,0,0,0
325,0.13486500084400177,-0.007107343524694443,0.002510128542780876,-0.00030738156056031585,-0.0459626279771328,-0.001101260189898312,1.0,1.0,1,left_engine,0.5952582955360413,-0.052950919513355926,0,0,0
326,0.134837344288826,-0.007104089483618736,-0.0028315929230302572,0.000146231526741758,-0.045913439244031906,0.0009619452757760882,1.0,1.0,0,noop,0.5989590287208557,0.08788039971140904,0,0,0
327,0.13485583662986755,-0.0071064140647649765,0.0019020179752260447,-0.00010342765017412603,-0.045946575701236725,-0.0006481400923803449,1.0,1.0,1,left_engine,0.5955479741096497,0.034840469923865386,0,0,0
328,0.1348431557416916,-0.0071050189435482025,-0.0012900172732770443,6.201882206369191e-05,-0.04592423141002655,0.0004365163331385702,1.0,1.0,0,noop,0.5978800654411316,-0.08083030702501404,0,0,0
329,0.13486309349536896,-0.007107236422598362,0.0020419543143361807,-0.00010078656487166882,-0.045959580689668655,-0.0006918789003975689,1.0,1.0,1,left_engine,0.5953353643417358,0.06290056936436386,0,0,0
330,0.1348518431186676,-0.007105984725058079,-0.0011451893951743841,5.6658198445802554e-05,-0.04593972861766815,0.00038805935764685273,1.0,1.0,0,noop,0.5976437330245972,-0.056659436407827,0,0,0
331,0.1348680555820465,-0.007108381018042564,0.0016607556026428938,-0.00010836068395292386,-0.0459723100066185,-0.0006520440219901502,1.0,1.0,1,left_engine,0.5955926775932312,0.006638473507714765,0,0,0
332,0.1348549872636795,-0.00710698589682579,-0.0013325595064088702,6.372751522576436e-05,-0.04594925045967102,0.00045074461377225816,1.0,1.0,0,noop,0.5977219343185425,-0.018634622017742686,0,0,0
333,0.13486966490745544,-0.007108202204108238,0.0014849361032247543,-5.668871381203644e-05,-0.045968931168317795,-0.00039056764217093587,1.0,1.0,0,noop,0.5955426096916199,-0.29264822710219107,0,0,0
334,0.13491114974021912,-0.007120468653738499,0.004241293761879206,-0.0005489866016432643,-0.04606268182396889,-0.001874964451417327,1.0,1.0,1,left_engine,0.5935759544372559,0.28721661520727904,0,0,0
335,0.13490000367164612,-0.007119574584066868,-0.0011343242367729545,4.1879968193825334e-05,-0.046043284237384796,0.00037898309528827667,1.0,1.0,0,noop,0.5968790650367737,-0.05918126692644776,0,0,0
336,0.1349163055419922,-0.007122113835066557,0.0016728632617741823,-0.00011394968896638602,-0.04607703536748886,-0.0006752634653821588,1.0,1.0,1,left_engine,0.5948310494422913,-0.10080453247700902,0,0,0
337,0.13489246368408203,-0.007119181100279093,-0.0024478421546518803,0.00013117464550305158,-0.04603442922234535,0.0008333545993082225,1.0,1.0,0,noop,0.597866952419281,0.0633613752537201,0,0,0
338,0.13490954041481018,-0.007121326867491007,0.0017670777160674334,-9.769306052476168e-05,-0.046065233647823334,-0.0006027311319485307,1.0,1.0,1,left_engine,0.5947825312614441,-0.06309722396800296,0,0,0
339,0.13488855957984924,-0.007118859328329563,-0.00215643597766757,0.00011065259604947641,-0.04602779075503349,0.0007322313031181693,1.0,1.0,0,noop,0.5977356433868408,-0.0024603054573510974,0,0,0
340,0.1349092423915863,-0.007121291011571884,0.0021233982406556606,-0.00010914358426816761,-0.046064671128988266,-0.0007211093907244503,1.0,1.0,1,left_engine,0.5945287942886353,-0.027245570066830566,0,0,0
341,0.13488826155662537,-0.007118608802556992,-0.002153942361474037,0.00012133312702644616,-0.04602706432342529,0.0007354625849984586,1.0,1.0,0,noop,0.5977336764335632,-0.004618103518566841,0,0,0
342,0.13490915298461914,-0.007121291011571884,0.002141780685633421,-0.0001202430939883925,-0.04606445133686066,-0.000731170061044395,1.0,1.0,1,left_engine,0.5945255756378174,0.07030446362513601,0,0,0
343,0.13489770889282227,-0.007119753398001194,-0.0011720421025529504,7.072468724800274e-05,-0.046043895184993744,0.00040196487680077553,1.0,1.0,0,noop,0.5969210863113403,-0.07313125105564211,0,0,0
344,0.13491563498973846,-0.007122077979147434,0.0018521178280934691,-0.00010557328641880304,-0.04607623070478439,-0.0006328564486466348,1.0,1.0,1,left_engine,0.5946288108825684,-0.06536939535795369,0,0,0
345,0.1348935067653656,-0.007119359914213419,-0.0022672326304018497,0.00012258529022801667,-0.0460367426276207,0.0007721412112005055,1.0,1.0,0,noop,0.5977299213409424,0.04788842122518133,0,0,0
346,0.1349104940891266,-0.00712146982550621,0.0017416058108210564,-9.574742580298334e-05,-0.04606710374355316,-0.0005937404348514974,1.0,1.0,1,left_engine,0.5947850346565247,0.05483595299526314,0,0,0
347,0.1349015235900879,-0.007120361551642418,-0.0009195006568916142,5.14512685185764e-05,-0.04605105146765709,0.00031378018320538104,1.0,1.0,0,noop,0.5966877937316895,-0.10230544403014719,0,0,0
348,0.1349199265241623,-0.00712336553260684,0.0018829416949301958,-0.00013482281065080315,-0.04608874395489693,-0.0007541373488493264,1.0,1.0,1,left_engine,0.594624400138855,0.03464655966669497,0,0,0
349,0.1349073350429535,-0.007121935021132231,-0.001274440553970635,6.419754936359823e-05,-0.04606663063168526,0.00043229240691289306,1.0,1.0,0,noop,0.5968414545059204,-0.030401705228790377,0,0,0
350,0.13492241501808167,-0.007123759016394615,0.0015357217052951455,-8.139453711919487e-05,-0.04609368368983269,-0.0005416976637206972,1.0,1.0,1,left_engine,0.5947535634040833,-0.11425050412520107,0,0,0
351,0.13489866256713867,-0.0071210409514606,-0.002443539910018444,0.0001223877043230459,-0.04605131968855858,0.0008286161464639008,1.0,1.0,0,noop,0.5977635383605957,0.06306267044299219,0,0,0
352,0.13491582870483398,-0.007123007904738188,0.0017658522119745612,-8.914525824366137e-05,-0.04608194902539253,-0.000599093793425709,1.0,1.0,1,left_engine,0.5946714282035828,-0.07362349643578867,0,0,0
353,0.13489380478858948,-0.007120146881788969,-0.002262372989207506,0.00012809292820747942,-0.046042438596487045,0.0007727351621724665,1.0,1.0,0,noop,0.597711443901062,0.005467290169086425,0,0,0
354,0.13491468131542206,-0.007122864946722984,0.0021493530366569757,-0.00012169240653747693,-0.04607996717095375,-0.0007341824239119887,1.0,1.0,1,left_engine,0.594425618648529,0.10957133536548128,0,0,0
355,0.13490696251392365,-0.0071220421232283115,-0.0007774472469463944,3.6237302992958575e-05,-0.046066515147686005,0.00026258014258928597,1.0,1.0,0,noop,0.5964992046356201,-0.131240499478956,0,0,0
356,0.13492679595947266,-0.007125296629965305,0.002024510409682989,-0.00014531545457430184,-0.04610751196742058,-0.0008202592725865543,1.0,1.0,1,left_engine,0.5944196581840515,-0.08881950571596306,0,0,0
357,0.13490056991577148,-0.007122363895177841,-0.002687519881874323,0.00013353853137232363,-0.04606093466281891,0.0009109163656830788,1.0,1.0,0,noop,0.5978704690933228,0.07912701195786198,0,0,0
358,0.13491849601268768,-0.0071244025602936745,0.0018471833318471909,-9.286800195695832e-05,-0.04609297215938568,-0.0006265437114052474,1.0,1.0,1,left_engine,0.5945611000061035,0.0326533886169689,0,0,0
359,0.13490620255470276,-0.007122614420950413,-0.0012549074599519372,8.020510722417384e-05,-0.04607086628675461,0.00043207878479734063,1.0,1.0,0,noop,0.5968277454376221,-0.07558420383920961,0,0,0
360,0.13492517173290253,-0.00712522491812706,0.00195658253505826,-0.00011543917935341597,-0.04610510170459747,-0.0006700392113998532,1.0,1.0,1,left_engine,0.5943905115127563,-0.11954953970692969,0,0,0
361,0.13489656150341034,-0.007121541537344456,-0.0029307471122592688,0.00016515930474270135,-0.04605394974350929,0.0010007002856582403,1.0,1.0,0,noop,0.5980491042137146,0.08700645721128097,0,0,0
362,0.13491611182689667,-0.007124152034521103,0.0020071142353117466,-0.00011774183076340705,-0.046089056879282,-0.000687096209730953,1.0,1.0,1,left_engine,0.5944933295249939,0.009973652456282595,0,0,0
363,0.13490000367164612,-0.007122363895177841,-0.001653663581237197,8.107103349175304e-05,-0.04606042429804802,0.0005600024596787989,1.0,1.0,0,noop,0.5972083806991577,-0.06329850008294358,0,0,0
364,0.13492164015769958,-0.007124867290258408,0.0022255475632846355,-0.0001110529265133664,-0.046098992228507996,-0.0007544495747424662,1.0,1.0,1,left_engine,0.5942451357841492,0.07156346631026736,0,0,0
365,0.13490934669971466,-0.007123472634702921,-0.0012450714129954576,6.26626206212677e-05,-0.046077385544776917,0.0004222830175422132,1.0,1.0,0,noop,0.596778929233551,-0.053102252117152915,0,0,0
366,0.13492612540721893,-0.007125403732061386,0.0017286386573687196,-8.735017036087811e-05,-0.046107348054647446,-0.0005864067352376878,1.0,1.0,1,left_engine,0.594528317451477,-0.11800789149619348,0,0,0
367,0.13490000367164612,-0.007122292649000883,-0.00268009165301919,0.00014046153228264302,-0.04606075957417488,0.000911030569113791,1.0,1.0,0,noop,0.5978701710700989,0.07837662265007594,0,0,0
368,0.13491792976856232,-0.00712447427213192,0.0018472885712981224,-9.75300426944159e-05,-0.04609288275241852,-0.0006282192771323025,1.0,1.0,1,left_engine,0.5945715308189392,-0.015507446453901536,0,0,0
369,0.13490095734596252,-0.007122399751096964,-0.0017499953974038363,9.246341505786404e-05,-0.046062443405389786,0.0005951730418018997,1.0,1.0,0,noop,0.5972540974617004,-0.041565765838988966,0,0,0
370,0.13492146134376526,-0.00712490314617753,0.002107924083247781,-0.00011078792886110023,-0.04609909653663635,-0.0007166651776060462,1.0,1.0,1,left_engine,0.5943286418914795,0.05177047284173256,0,0,0
371,0.13490839302539825,-0.0071230437606573105,-0.0013270132476463914,8.29248019726947e-05,-0.046075768768787384,0.00045613228576257825,1.0,1.0,0,noop,0.5968433618545532,-0.04650998865754019,0,0,0
372,0.13492536544799805,-0.007125368341803551,0.0017440069932490587,-0.00010382549953646958,-0.04610630124807358,-0.0005975551321171224,1.0,1.0,1,left_engine,0.5945400595664978,-0.10791391613720577,0,0,0
373,0.13490009307861328,-0.007122077979147434,-0.0025926888920366764,0.0001486052351538092,-0.04606100171804428,0.0008860682137310505,1.0,1.0,0,noop,0.5978161096572876,0.06876278492365628,0,0,0
374,0.13491812348365784,-0.007124545518308878,0.0018553923582658172,-0.00011068700405303389,-0.046093497425317764,-0.0006358068203553557,1.0,1.0,1,left_engine,0.5945715308189392,-0.07994966079657814,0,0,0
375,0.13489456474781036,-0.007121863309293985,-0.0024207967799156904,0.0001211945855175145,-0.046051520854234695,0.0008207333157770336,1.0,1.0,0,noop,0.597800076007843,0.007165838905265787,0,0,0
376,0.13491687178611755,-0.0071244025602936745,0.0022871955297887325,-0.00011499349784571677,-0.04609118774533272,-0.0007756244158372283,1.0,1.0,1,left_engine,0.5942788124084473,0.1491747716116916,0,0,0
377,0.13491182029247284,-0.00712368730455637,-0.000511355116032064,3.362695861142129e-05,-0.04608215019106865,0.00017639758880250156,1.0,1.0,0,noop,0.5962219834327698,-0.18498017234180963,0,0,0
378,0.13493403792381287,-0.007128586992621422,0.0022807868663221598,-0.00021926796762272716,-0.04613066092133522,-0.0009700708906166255,1.0,1.0,1,left_engine,0.5941856503486633,0.04612236134164974,0,0,0
379,0.1349186897277832,-0.007126941811293364,-0.00157085747923702,7.580649253213778e-05,-0.046103473752737045,0.0005314780864864588,1.0,1.0,0,noop,0.5968514680862427,0.0009936517733954986,0,0,0
380,0.1349334716796875,-0.00712865823879838,0.0015195666346699,-7.740718137938529e-05,-0.04612983390688896,-0.0005157243576832116,1.0,1.0,1,left_engine,0.5945535898208618,-0.07602575810348242,0,0,0
381,0.13491372764110565,-0.007126047741621733,-0.002033758210018277,0.00011811406147899106,-0.046094294637441635,0.000695667986292392,1.0,1.0,0,noop,0.5972272157669067,0.029845555822880954,0,0,0
382,0.13493013381958008,-0.0071282293647527695,0.0016897110035642982,-9.979310561902821e-05,-0.04612387344241142,-0.0005786424735561013,1.0,1.0,1,left_engine,0.5944913625717163,-0.07571117428019278,0,0,0
383,0.13490867614746094,-0.00712569011375308,-0.002206666860729456,0.00011515289224917069,-0.04608553275465965,0.0007498794584535062,1.0,1.0,0,noop,0.5974252820014954,0.01850538213766839,0,0,0
384,0.13492783904075623,-0.007127978838980198,0.0019684263970702887,-0.00010331676458008587,-0.046119749546051025,-0.0006691782618872821,1.0,1.0,1,left_engine,0.5943167209625244,0.013798429341158852,0,0,0
385,0.1349124014377594,-0.007126226555556059,-0.001573934918269515,8.074145443970338e-05,-0.04609241709113121,0.0005343073280528188,1.0,1.0,0,noop,0.5969483256340027,-0.04113101936412278,0,0,0
386,0.134931281208992,-0.007128408178687096,0.0019322499865666032,-9.917206625686958e-05,-0.04612596705555916,-0.0006560228648595512,1.0,1.0,1,left_engine,0.594288170337677,0.012461848233845246,0,0,0
387,0.13491611182689667,-0.007126369513571262,-0.001549840671941638,9.197085455525666e-05,-0.046098824590444565,0.0005308697000145912,1.0,1.0,0,noop,0.5968687534332275,-0.018520189808423737,0,0,0
388,0.1349325180053711,-0.007128515280783176,0.0016888584941625595,-9.859287092695013e-05,-0.04612836614251137,-0.0005778975901193917,1.0,1.0,1,left_engine,0.5944540500640869,-0.12105294969074862,0,0,0
389,0.13490648567676544,-0.007125296629965305,-0.0026709868106991053,0.0001461037463741377,-0.046081818640232086,0.0009101905743591487,1.0,1.0,0,noop,0.5977494120597839,0.06808424477720365,0,0,0
390,0.13492527604103088,-0.007127692922949791,0.0019383851904422045,-0.00010858322639251128,-0.04611564427614212,-0.0006615678430534899,1.0,1.0,1,left_engine,0.5943820476531982,-0.06884040634822128,0,0,0
391,0.13490191102027893,-0.00712490314617753,-0.0023915835190564394,0.00012600542686413974,-0.04607405140995979,0.0008131282520480454,1.0,1.0,0,noop,0.5976507067680359,-0.00037537761113171086,0,0,0
392,0.13492469489574432,-0.0071276212111115456,0.0023319502361118793,-0.00012308862642385066,-0.04611460492014885,-0.0007929997518658638,1.0,1.0,1,left_engine,0.5941160917282104,0.13369694187605788,0,0,0
393,0.13491764664649963,-0.007126655429601669,-0.0007165577844716609,4.3726548028644174e-05,-0.04610203951597214,0.0002458975068293512,1.0,1.0,0,noop,0.5962623357772827,-0.1433603090738309,0,0,0
394,0.13493815064430237,-0.007129945792257786,0.0020841648802161217,-0.0001476165489293635,-0.04614349827170372,-0.0008292336133308709,1.0,1.0,1,left_engine,0.5941687226295471,0.005948132245945176,0,0,0
395,0.1349208801984787,-0.007127800025045872,-0.0017756018787622452,9.514475095784292e-05,-0.046112604439258575,0.0006043556495569646,1.0,1.0,0,noop,0.5969414114952087,0.016046528915843794,0,0,0
396,0.13493624329566956,-0.007129731122404337,0.0015724014956504107,-8.724389772396535e-05,-0.04614003375172615,-0.0005363235250115395,1.0,1.0,1,left_engine,0.5944691896438599,-0.013551565205218025,0,0,0
397,0.13492202758789062,-0.007127800025045872,-0.0014474020572379231,8.632979734102264e-05,-0.046114686876535416,0.000495973858051002,1.0,1.0,0,noop,0.5966973304748535,-0.020042787298958586,0,0,0
398,0.13493767380714417,-0.00712987408041954,0.001603874028660357,-9.406927711097524e-05,-0.04614273086190224,-0.0005490118637681007,1.0,1.0,1,left_engine,0.5944278836250305,-0.1472539389648577,0,0,0
399,0.13490982353687286,-0.007126512471586466,-0.0028526911046355963,0.0001530023873783648,-0.04609309509396553,0.000970993482042104,1.0,1.0,0,noop,0.5977868437767029,0.08728306087576243,0,0,0
400,0.1349286139011383,-0.007128872908651829,0.0019285774324089289,-0.00010571924940450117,-0.04612669721245766,-0.000657350872643292,1.0,1.0,1,left_engine,0.594327986240387,-0.0306710392250433,0,0,0
401,0.13490915298461914,-0.007126620039343834,-0.001989686628803611,0.00010143980762222782,-0.04609215632081032,0.000675247865729034,1.0,1.0,0,noop,0.5972659587860107,-0.034280252435685554,0,0,0
402,0.134931281208992,-0.007129194680601358,0.0022704715374857187,-0.00011608122440520674,-0.04613156244158745,-0.000770626706071198,1.0,1.0,1,left_engine,0.5940417051315308,0.11112258357234708,0,0,0
403,0.134922593832016,-0.007128157652914524,-0.0008851313032209873,4.584265116136521e-05,-0.0461161769926548,0.00030062341829761863,1.0,1.0,0,noop,0.5962992906570435,-0.10929381821427953,0,0,0
404,0.13494138419628143,-0.007130804006010294,0.001920090289786458,-0.00011812672164523974,-0.046152811497449875,-0.000732757558580488,1.0,1.0,1,left_engine,0.5941935181617737,0.0063715397669004414,0,0,0
405,0.1349257528781891,-0.007128765806555748,-0.0016010260442271829,9.29031812120229e-05,-0.04612482339143753,0.0005476573132909834,1.0,1.0,0,noop,0.5967419147491455,0.004453589040089412,0,0,0
406,0.13494062423706055,-0.007130804006010294,0.0015150087419897318,-9.01984894881025e-05,-0.04615135118365288,-0.0005190999363549054,1.0,1.0,1,left_engine,0.5944418907165527,-0.015529943333965263,0,0,0
407,0.13492679595947266,-0.007129087578505278,-0.001409388380125165,7.552124588983133e-05,-0.0461268313229084,0.00047969570732675493,1.0,1.0,0,noop,0.5965960025787354,-0.014670888040299701,0,0,0
408,0.13494166731834412,-0.007130911573767662,0.001514633884653449,-8.121741120703518e-05,-0.04615318775177002,-0.0005155839608050883,1.0,1.0,1,left_engine,0.5944197177886963,-0.08638233083424993,0,0,0
409,0.1349208801984787,-0.00712833646684885,-0.002135590184479952,0.00011510399781400338,-0.04611602798104286,0.0007271189824678004,1.0,1.0,0,noop,0.5971748232841492,0.04253968566120747,0,0,0
410,0.1349370926618576,-0.007130339276045561,0.0016654975479468703,-9.085430792765692e-05,-0.04614505171775818,-0.0005674925050698221,1.0,1.0,1,left_engine,0.5943819284439087,-0.036334560047672965,0,0,0
411,0.13491983711719513,-0.007127978838980198,-0.0017766989767551422,0.00010474429291207343,-0.04611394926905632,0.0006083176704123616,1.0,1.0,0,noop,0.5969488620758057,-0.013538933026890021,0,0,0
412,0.13493795692920685,-0.007130410522222519,0.0018612146377563477,-0.00010872448910959065,-0.046146512031555176,-0.000636911194305867,1.0,1.0,1,left_engine,0.5942324995994568,-0.08217080228827342,0,0,0
413,0.13491401076316833,-0.007127299439162016,-0.0024489599745720625,0.00014002274838276207,-0.046103715896606445,0.0008368495036847889,1.0,1.0,0,noop,0.597484290599823,0.038529801085793736,0,0,0
414,0.13493356108665466,-0.007129909936338663,0.002009427407756448,-0.00011737994645955041,-0.046138864010572433,-0.0006876151310279965,1.0,1.0,1,left_engine,0.5941929221153259,-0.0007061604296143276,0,0,0
415,0.1349164992570877,-0.0071275494992733,-0.001764815067872405,0.00010648056922946125,-0.04610792547464371,0.0006051615928299725,1.0,1.0,0,noop,0.5969911217689514,-0.03805787643442571,0,0,0
416,0.13493680953979492,-0.0071302675642073154,0.002088008914142847,-0.00012295458873268217,-0.04614447429776192,-0.0007148786098696291,1.0,1.0,1,left_engine,0.5940872430801392,0.016644159764156258,0,0,0
417,0.13492059707641602,-0.007128408178687096,-0.0016682809218764305,8.424681436736137e-05,-0.04611553996801376,0.0005658113514073193,1.0,1.0,0,noop,0.5968716740608215,-0.023385911722012764,0,0,0
418,0.13493862748146057,-0.007130518089979887,0.0018516300478950143,-9.427205804968253e-05,-0.0461476668715477,-0.0006283314432948828,1.0,1.0,1,left_engine,0.5942190885543823,-0.012784587490478144,0,0,0
419,0.1349218338727951,-0.007128264755010605,-0.0017260375898331404,0.00010008010576711968,-0.04611748456954956,0.0005902978591620922,1.0,1.0,0,noop,0.5968854427337646,-0.006857025314133125,0,0,0
420,0.1349388062953949,-0.007130518089979887,0.0017469886224716902,-0.00010064132220577449,-0.04614803567528725,-0.0005972458748146892,1.0,1.0,1,left_engine,0.5943006277084351,-0.04227198911589511,0,0,0
421,0.13492003083229065,-0.007128372322767973,-0.001922441297210753,9.492834942648187e-05,-0.046114731580019,0.0006512446561828256,1.0,1.0,0,noop,0.5970503091812134,0.007815618405651037,0,0,0
422,0.13493748009204865,-0.0071303751319646835,0.0017957814270630479,-8.896770305000246e-05,-0.04614584147930145,-0.0006084428750909865,1.0,1.0,1,left_engine,0.5942752957344055,-0.035628667457301616,0,0,0
423,0.13491888344287872,-0.007128014694899321,-0.0019032808486372232,0.00010449232649989426,-0.04611266031861305,0.0006486826459877193,1.0,1.0,0,noop,0.5970500111579895,-0.001779729223734705,0,0,0
424,0.1349370926618576,-0.007130303420126438,0.001870249747298658,-0.00010235696390736848,-0.0461452454328537,-0.0006373294163495302,1.0,1.0,1,left_engine,0.5942336916923523,-0.0016102844376592873,0,0,0
425,0.13492126762866974,-0.007128479424864054,-0.0016312662046402693,8.263003110187128e-05,-0.046116944402456284,0.000553364516235888,1.0,1.0,0,noop,0.5968363881111145,-0.022888347693868383,0,0,0
426,0.1349388062953949,-0.00713055394589901,0.0018108232179656625,-9.209104609908536e-05,-0.0461483895778656,-0.0006144344224594533,1.0,1.0,1,left_engine,0.5942451357841492,0.02681784520767863,0,0,0
427,0.13492631912231445,-0.007128944620490074,-0.0012778572272509336,7.144024857552722e-05,-0.04612608253955841,0.00043603096855804324,1.0,1.0,0,noop,0.5965096354484558,-0.03508329209655159,0,0,0
428,0.13494186103343964,-0.007130839861929417,0.0015852960059419274,-8.693107520230114e-05,-0.046153467148542404,-0.0005402895621955395,1.0,1.0,1,left_engine,0.5943671464920044,-0.034426494304887284,0,0,0
429,0.13492555916309357,-0.007128837052732706,-0.0016750224167481065,9.097718429984525e-05,-0.04612430930137634,0.0005705115618184209,1.0,1.0,0,noop,0.5967968106269836,0.010373286479556043,0,0,0
430,0.13494043052196503,-0.007130732759833336,0.0015298356302082539,-8.406503911828622e-05,-0.046150967478752136,-0.0005214380798861384,1.0,1.0,1,left_engine,0.5944293141365051,-0.047167204427948944,0,0,0
431,0.13492345809936523,-0.007128837052732706,-0.0017490580212324858,8.496374357491732e-05,-0.04612071439623833,0.0005919713294133544,1.0,1.0,0,noop,0.5968827605247498,0.005573231276120083,0,0,0
432,0.13493947684764862,-0.007130589336156845,0.001648804871365428,-8.017621439648792e-05,-0.04614925757050514,-0.0005580470897257328,1.0,1.0,1,left_engine,0.594350278377533,-0.0854899243876541,0,0,0
433,0.13491754233837128,-0.007127835880964994,-0.002263751346617937,0.00012399938714224845,-0.04610981419682503,0.0007714547100476921,1.0,1.0,0,noop,0.597310483455658,0.03462300104534677,0,0,0
434,0.134935662150383,-0.007130124606192112,0.001867313520051539,-0.00010313039820175618,-0.04614235460758209,-0.0006366759771481156,1.0,1.0,1,left_engine,0.5942592024803162,0.04857432644905771,0,0,0
435,0.13492469489574432,-0.0071289087645709515,-0.0011134095257148147,5.4146701586432755e-05,-0.04612306132912636,0.0003768403548747301,1.0,1.0,0,noop,0.5964236259460449,-0.07149038253751172,0,0,0
436,0.13494205474853516,-0.007130911573767662,0.0017791474238038063,-8.868956501828507e-05,-0.04615389555692673,-0.000602991203777492,1.0,1.0,1,left_engine,0.5942172408103943,-0.15799901296640925,0,0,0
437,0.13491134345531464,-0.007127191871404648,-0.003142445581033826,0.0001669488992774859,-0.0460992269217968,0.0010689315386116505,1.0,1.0,0,noop,0.5979111790657043,0.11192373194446148,0,0,0
438,0.13493052124977112,-0.007129552308470011,0.001971167977899313,-0.00010659851977834478,-0.04613355174660683,-0.0006712438771501184,1.0,1.0,1,left_engine,0.5942611694335938,-0.014394538488565728,0,0,0
439,0.1349124014377594,-0.007127263583242893,-0.0018659199122339487,0.000102798810985405,-0.04610101133584976,0.0006360893021337688,1.0,1.0,0,noop,0.5971252918243408,-0.05454792659535812,0,0,0
440,0.1349351853132248,-0.007130088750272989,0.002346987370401621,-0.0001273681700695306,-0.046141888946294785,-0.0007994103361852467,1.0,1.0,1,left_engine,0.5939300060272217,0.03622933460487701,0,0,0
441,0.13491830229759216,-0.007127871736884117,-0.0017325384542346,0.0001002052886178717,-0.0461115762591362,0.0005924373981542885,1.0,1.0,0,noop,0.5969434976577759,-0.0314294311087302,0,0,0
442,0.13493776321411133,-0.0071303751319646835,0.001992153935134411,-0.00011331401037750766,-0.046146370470523834,-0.0006804959266446531,1.0,1.0,1,left_engine,0.5941383242607117,-0.024700440653897288,0,0,0
443,0.13491830229759216,-0.007127942983061075,-0.0019936722237616777,0.00010949335410259664,-0.04611162841320038,0.000679505174048245,1.0,1.0,0,noop,0.5971190333366394,0.003911545885951995,0,0,0
444,0.13493689894676208,-0.0071302675642073154,0.0019028136739507318,-0.00010494118760107085,-0.046144790947437286,-0.0006487161153927445,1.0,1.0,1,left_engine,0.5942140221595764,-0.07902397214184617,0,0,0
445,0.1349128782749176,-0.007127263583242893,-0.00245927507057786,0.00013458043395075947,-0.04610193893313408,0.0008380220388062298,1.0,1.0,0,noop,0.5975112318992615,0.029988092565204738,0,0,0
446,0.13493338227272034,-0.007129838690161705,0.002102598315104842,-0.00011617653217399493,-0.046138595789670944,-0.0007169645396061242,1.0,1.0,1,left_engine,0.5941236615180969,-0.044905182874748845,0,0,0
447,0.13491077721118927,-0.007126905955374241,-0.0023142334539443254,0.00013251764175947756,-0.04609815403819084,0.0007907712715677917,1.0,1.0,0,noop,0.5974447727203369,-0.003786775549350807,0,0,0
448,0.13493308424949646,-0.007129802834242582,0.002289712196215987,-0.00013098953058943152,-0.04613815248012543,-0.0007824228960089386,1.0,1.0,1,left_engine,0.5940050482749939,-0.017062810939420386,0,0,0
449,0.134911447763443,-0.0071271564811468124,-0.0022213091142475605,0.00011916053335880861,-0.04609949141740799,0.0007560009253211319,1.0,1.0,0,noop,0.5973765254020691,-0.01197552440606131,0,0,0
450,0.13493356108665466,-0.00712987408041954,0.002279077423736453,-0.00012238355702720582,-0.046139150857925415,-0.0007758047431707382,1.0,1.0,1,left_engine,0.5939986109733582,0.037053622886735554,0,0,0
451,0.13491754233837128,-0.007127835880964994,-0.001654159976169467,9.354150824947283e-05,-0.046110279858112335,0.0005648053484037519,1.0,1.0,0,noop,0.5969042181968689,-0.04714578251806856,0,0,0
452,0.13493767380714417,-0.0071303751319646835,0.002068796893581748,-0.00011464864655863494,-0.04614634066820145,-0.0007055034511722624,1.0,1.0,1,left_engine,0.5940818786621094,-0.05750550720985245,0,0,0
453,0.1349141150712967,-0.007127514109015465,-0.002409215085208416,0.00012801038974430412,-0.04610442742705345,0.0008195035043172538,1.0,1.0,0,noop,0.5974602699279785,0.03264942666580595,0,0,0
454,0.13493385910987854,-0.007129909936338663,0.002028093673288822,-0.00010855893197003752,-0.046139709651470184,-0.0006901806918904185,1.0,1.0,1,left_engine,0.5941672325134277,0.03541154567223373,0,0,0
455,0.13492003083229065,-0.007128157652914524,-0.0014133010990917683,7.711736543569714e-05,-0.04611508920788765,0.0004815275897271931,1.0,1.0,0,noop,0.5967015624046326,-0.06155496967504348,0,0,0
456,0.13493919372558594,-0.00713055394589901,0.0019745049066841602,-0.00010587185533950105,-0.04614943265914917,-0.0006720266537740827,1.0,1.0,1,left_engine,0.5941235423088074,0.07104300028897839,0,0,0
457,0.13492946326732635,-0.007129516452550888,-0.0009927592473104596,4.638434620574117e-05,-0.046132270246744156,0.00033525939215905964,1.0,1.0,0,noop,0.5962653756141663,-0.08771428697165007,0,0,0
458,0.13494721055030823,-0.007132842671126127,0.0018092456739395857,-0.00014894435298629105,-0.04616999998688698,-0.000754734908696264,1.0,1.0,1,left_engine,0.5942328572273254,-0.026047612539655346,0,0,0
459,0.1349295675754547,-0.007130839861929417,-0.0018229030538350344,9.030117507791147e-05,-0.04613842815160751,0.0006176065071485937,1.0,1.0,0,noop,0.5968267321586609,0.019457450345271354,0,0,0
460,0.13494500517845154,-0.007132592145353556,0.0015854636440053582,-8.086617162916809e-05,-0.04616594687104225,-0.0005380749353207648,1.0,1.0,1,left_engine,0.5943033695220947,-0.08137811405626635,0,0,0
461,0.1349240243434906,-0.007129802834242582,-0.002156429458409548,0.0001262062432942912,-0.04612823203206062,0.0007379468297585845,1.0,1.0,0,noop,0.5971251726150513,0.026930152135697938,0,0,0
462,0.13494186103343964,-0.007132270373404026,0.0018374624196439981,-0.00010912089055636898,-0.04616041108965874,-0.0006294116610661149,1.0,1.0,1,left_engine,0.5941799879074097,-0.09410436189847601,0,0,0
463,0.13491706550121307,-0.007129337638616562,-0.0025475395377725363,0.0001303951139561832,-0.04611619561910629,0.0008646808564662933,1.0,1.0,0,noop,0.5974993705749512,0.032249790053512584,0,0,0
464,0.13493815064430237,-0.007131841033697128,0.0021667187102138996,-0.00011138073023175821,-0.04615381360054016,-0.0007356642163358629,1.0,1.0,1,left_engine,0.5939875841140747,0.02347242895975768,0,0,0
465,0.1349218338727951,-0.007129802834242582,-0.0016779735451564193,9.196073369821534e-05,-0.046124570071697235,0.0005718462634831667,1.0,1.0,0,noop,0.5968455672264099,-0.05310557457720222,0,0,0
466,0.13494272530078888,-0.0071324133314192295,0.002150010084733367,-0.00011591707152547315,-0.046161990612745285,-0.0007320096483454108,1.0,1.0,1,left_engine,0.5939328074455261,0.05287784345316851,0,0,0
467,0.1349293738603592,-0.007130839861929417,-0.0013595683267340064,7.066138641675934e-05,-0.04613835737109184,0.0004618537495844066,1.0,1.0,0,noop,0.596511960029602,-0.0435174581213964,0,0,0
468,0.13494625687599182,-0.0071328068152070045,0.0017469447338953614,-9.069665247807279e-05,-0.046168677508831024,-0.0005934364162385464,1.0,1.0,1,left_engine,0.5941669344902039,-0.09849120055053603,0,0,0
469,0.13492193818092346,-0.007129909936338663,-0.0024986923672258854,0.00012966286158189178,-0.046125270426273346,0.0008487325394526124,1.0,1.0,0,noop,0.5973901748657227,0.06101798691318905,0,0,0
470,0.13493986427783966,-0.007132055703550577,0.0018394037615507841,-9.574648720445111e-05,-0.04615723341703415,-0.0006249449797905982,1.0,1.0,1,left_engine,0.5941988825798035,0.02509630195972548,0,0,0
471,0.13492679595947266,-0.007130625192075968,-0.0013254407094791532,6.418801058316603e-05,-0.04613429307937622,0.000448497012257576,1.0,1.0,0,noop,0.596528947353363,-0.06415795123588452,0,0,0
472,0.13494539260864258,-0.007132735103368759,0.001914412947371602,-9.457442502025515e-05,-0.046167436987161636,-0.0006484747864305973,1.0,1.0,1,left_engine,0.5940548777580261,0.025901976251057307,0,0,0
473,0.1349317580461502,-0.007131161633878946,-0.0013938222546130419,7.0840964326635e-05,-0.046143244951963425,0.00047291372902691364,1.0,1.0,0,noop,0.5964992046356201,-0.019922843401573687,0,0,0
474,0.13494691252708435,-0.007132913917303085,0.001550727873109281,-7.874453149270266e-05,-0.04617013409733772,-0.0005261175683699548,1.0,1.0,1,left_engine,0.5942978262901306,-0.09302247355121437,0,0,0
475,0.13492508232593536,-0.007130017504096031,-0.0022402822505682707,0.0001306268386542797,-0.0461309589445591,0.0007664920995011926,1.0,1.0,0,noop,0.5971632599830627,0.04932018732395704,0,0,0
476,0.13494157791137695,-0.007132270373404026,0.0017014078330248594,-0.00010231105261482298,-0.04616076871752739,-0.0005832817987538874,1.0,1.0,1,left_engine,0.5942816734313965,-0.029236440188717266,0,0,0
477,0.13492460548877716,-0.007130231708288193,-0.0017418168717995286,9.069941734196618e-05,-0.04613049700856209,0.000591761083342135,1.0,1.0,0,noop,0.5968458652496338,-0.021442376508375105,0,0,0
478,0.13494320213794708,-0.007132449187338352,0.001904210657812655,-9.952566324500367e-05,-0.04616359993815422,-0.0006471161032095551,1.0,1.0,1,left_engine,0.5940999984741211,-0.06924014475397541,0,0,0
479,0.13492020964622498,-0.007129695266485214,-0.0023600985296070576,0.0001234236842719838,-0.046122584491968155,0.0008020196110010147,1.0,1.0,0,noop,0.5973238945007324,0.032125240888031925,0,0,0
480,0.13493958115577698,-0.0071320198476314545,0.0019853771664202213,-0.00010410707909613848,-0.046157095581293106,-0.0006748460000380874,1.0,1.0,1,left_engine,0.5940974354743958,0.09137153223241981,0,0,0
481,0.1349317580461502,-0.0071310545317828655,-0.0007949516293592751,4.2400941310916096e-05,-0.04614326357841492,0.0002704497310332954,1.0,1.0,0,noop,0.5960780382156372,-0.12762833989547318,0,0,0
482,0.1349513977766037,-0.007134344428777695,0.0020063493866473436,-0.00014844311226624995,-0.046184003353118896,-0.0008149848436005414,1.0,1.0,1,left_engine,0.5940051674842834,-0.006134250632448185,0,0,0
483,0.13493366539478302,-0.007132234517484903,-0.0018201405182480812,9.548475645715371e-05,-0.04615236073732376,0.0006187279941514134,1.0,1.0,0,noop,0.5967490077018738,0.019191812671181196,0,0,0
484,0.13494901359081268,-0.0071340943686664104,0.0015853417571634054,-8.597390115028247e-05,-0.046179983764886856,-0.0005399525980465114,1.0,1.0,1,left_engine,0.5942343473434448,-0.0793214012236507,0,0,0
485,0.13492822647094727,-0.007131698075681925,-0.002136083086952567,0.00010855157597688958,-0.04614291712641716,0.0007247280445881188,1.0,1.0,0,noop,0.5970436930656433,0.025194095502385494,0,0,0
486,0.1349460631608963,-0.007133772596716881,0.0018347852164879441,-9.321189281763509e-05,-0.04617474600672722,-0.0006225461256690323,1.0,1.0,1,left_engine,0.5940948128700256,-0.04262595522630505,0,0,0
487,0.13492640852928162,-0.007131412159651518,-0.00201534666121006,0.00010716551332734525,-0.046139705926179886,0.0006855432293377817,1.0,1.0,0,noop,0.596989095211029,-0.0032216081321010392,0,0,0
488,0.13494586944580078,-0.007133772596716881,0.0019933616276830435,-0.00010580419620964676,-0.04617439582943916,-0.0006780460244044662,1.0,1.0,1,left_engine,0.5939857363700867,0.05383054439854476,0,0,0
489,0.13493414223194122,-0.0071320915594697,-0.0011881599202752113,7.620051474077627e-05,-0.04615345969796181,0.000409131171181798,1.0,1.0,0,noop,0.596301257610321,-0.06150282476816571,0,0,0
490,0.13495120406150818,-0.007134380284696817,0.0017546114977449179,-0.00010480622586328536,-0.04618418216705322,-0.0006012662197463214,1.0,1.0,1,left_engine,0.5940845012664795,-0.000796019261332076,0,0,0
491,0.13493642210960388,-0.007132770959287882,-0.001504798186942935,7.389167876681313e-05,-0.046158116310834885,0.0005095907254144549,1.0,1.0,0,noop,0.5964959859848022,-0.0021665982270206996,0,0,0
492,0.13495111465454102,-0.007134380284696817,0.001485968241468072,-7.364185148617253e-05,-0.04618385061621666,-0.0005034697242081165,1.0,1.0,1,left_engine,0.5942687392234802,-0.05122990090992616,0,0,0
493,0.13493414223194122,-0.007132163271307945,-0.0017447652062401175,9.987316298065707e-05,-0.046153388917446136,0.0005962137365713716,1.0,1.0,0,noop,0.5966874361038208,0.01341800399470472,0,0,0
494,0.13494940102100372,-0.007134130224585533,0.0015680973883718252,-9.02603060239926e-05,-0.04618079587817192,-0.0005360691575333476,1.0,1.0,1,left_engine,0.5942445397377014,-0.09989332564358719,0,0,0
495,0.1349267065525055,-0.007131269201636314,-0.0023294822312891483,0.00012895168038085103,-0.046140190213918686,0.000794333522208035,1.0,1.0,0,noop,0.597190797328949,0.04191120794395076,0,0,0
496,0.1349448263645172,-0.007133593782782555,0.001860297517850995,-0.00010484780068509281,-0.04617265984416008,-0.000635066709946841,1.0,1.0,1,left_engine,0.5941025018692017,-0.005327009754622053,0,0,0
497,0.13492870330810547,-0.007131662219762802,-0.0016591880703344941,8.947063179221004e-05,-0.046143777668476105,0.0005648699006997049,1.0,1.0,0,noop,0.5967168807983398,-0.03583669589658811,0,0,0
498,0.1349477767944336,-0.007133986800909042,0.0019638007506728172,-0.0001052686056937091,-0.046177953481674194,-0.0006683660321868956,1.0,1.0,1,left_engine,0.5939781069755554,-0.0669446783809586,0,0,0
499,0.1349245011806488,-0.00713130459189415,-0.00239800033159554,0.00012045528274029493,-0.04613637551665306,0.0008130633505061269,1.0,1.0,0,noop,0.5972756743431091,0.03541164103886274,0,0,0
500,0.1349438726902008,-0.007133522070944309,0.00199044868350029,-9.975000284612179e-05,-0.04617088660597801,-0.0006748215528205037,1.0,1.0,1,left_engine,0.5940143465995789,0.04507019540146587,0,0,0
501,0.134931281208992,-0.0071320198476314545,-0.0012752676848322153,6.834240775788203e-05,-0.04614868387579918,0.0004340004234109074,1.0,1.0,0,noop,0.5964118242263794,-0.06922197459599033,0,0,0
502,0.1349499672651291,-0.007134237326681614,0.001914591179229319,-0.00010091525473399088,-0.046181969344615936,-0.0006509542581625283,1.0,1.0,1,left_engine,0.5939785838127136,-0.08680400190516366,0,0,0
503,0.13492517173290253,-0.007131197489798069,-0.002550965640693903,0.0001359531015623361,-0.04613759368658066,0.000867857423145324,1.0,1.0,0,noop,0.5973632335662842,0.0616716486336486,0,0,0
504,0.13494348526000977,-0.007133450359106064,0.0018839205149561167,-0.00010157709766644984,-0.04617040231823921,-0.0006413980154320598,1.0,1.0,1,left_engine,0.5941027402877808,-0.0751377781646407,0,0,0
505,0.1349201202392578,-0.007130732759833336,-0.002400034572929144,0.00012280434020794928,-0.046128738671541214,0.0008145906031131744,1.0,1.0,0,noop,0.5973430871963501,0.0064936467455041225,0,0,0
506,0.13494214415550232,-0.00713330740109086,0.0022736522369086742,-0.00011646815983112901,-0.04616820812225342,-0.0007717950502410531,1.0,1.0,1,left_engine,0.5938410758972168,0.06082203852932125,0,0,0
507,0.13492842018604279,-0.007131662219762802,-0.0014046968426555395,7.412796549033374e-05,-0.04614377021789551,0.00047762258327566087,1.0,1.0,0,noop,0.5965466499328613,-0.07056886443294985,0,0,0
508,0.13494834303855896,-0.007134058512747288,0.002053837990388274,-0.00010731653310358524,-0.04617943987250328,-0.000697934883646667,1.0,1.0,1,left_engine,0.5939014554023743,0.06303581686875262,0,0,0
509,0.13493700325489044,-0.007132592145353556,-0.0011559829581528902,6.656740151811391e-05,-0.04615923389792442,0.00039514884701929986,1.0,1.0,0,noop,0.5962374806404114,-0.054183698224932186,0,0,0
510,0.13495321571826935,-0.007134594954550266,0.001652635051868856,-9.09958325792104e-05,-0.04618753492832184,-0.0005664719501510262,1.0,1.0,1,left_engine,0.5941239595413208,-0.020091105169518925,0,0,0
511,0.13493767380714417,-0.007132770959287882,-0.0015972082037478685,8.441258978564292e-05,-0.0461597666144371,0.0005431597819551826,1.0,1.0,0,noop,0.5965385437011719,0.004362341092111421,0,0,0
512,0.13495245575904846,-0.007134559098631144,0.001512407441623509,-8.18433181848377e-05,-0.04618610441684723,-0.0005150678916834295,1.0,1.0,1,left_engine,0.5942342281341553,-0.05412907826174759,0,0,0
513,0.13493499159812927,-0.007132270373404026,-0.0018019499257206917,0.00010401780309621245,-0.04615461453795433,0.0006161291967146099,1.0,1.0,0,noop,0.5967122316360474,0.012983788679299835,0,0,0
514,0.1349509209394455,-0.007134344428777695,0.001627868041396141,-9.472974488744512e-05,-0.04618309065699577,-0.0005569015047512949,1.0,1.0,1,left_engine,0.5941795110702515,-0.01359559795411755,0,0,0
515,0.13493624329566956,-0.0071324133314192295,-0.001505117048509419,8.749074913794175e-05,-0.04615677893161774,0.000514832092449069,1.0,1.0,0,noop,0.5964943170547485,-0.019161698452091258,0,0,0
516,0.1349523514509201,-0.0071344878524541855,0.001651486731134355,-9.502362081548199e-05,-0.046185631304979324,-0.0005645343917421997,1.0,1.0,1,left_engine,0.5941394567489624,-0.08263214027705132,0,0,0
517,0.13493052124977112,-0.007131805643439293,-0.0022381795570254326,0.00012122719635954127,-0.046146661043167114,0.0007621993427164853,1.0,1.0,0,noop,0.5970731973648071,0.041153757465078655,0,0,0
518,0.1349477767944336,-0.007133986800909042,0.0017788730328902602,-9.775429498404264e-05,-0.04617767408490181,-0.0006063813925720751,1.0,1.0,1,left_engine,0.5941146016120911,-0.059472870300899955,0,0,0
519,0.13492707908153534,-0.007131626829504967,-0.002131347544491291,0.00010706067405408248,-0.04614071547985077,0.0007226667948998511,1.0,1.0,0,noop,0.5970591902732849,0.002843713815217086,0,0,0
520,0.13494710624217987,-0.007133915554732084,0.0020473545882850885,-0.00010303847375325859,-0.0461762472987175,-0.0006942941108718514,1.0,1.0,1,left_engine,0.5939240455627441,0.014296813359174793,0,0,0
521,0.13493108749389648,-0.007131876889616251,-0.0016492545837536454,9.31818867684342e-05,-0.04614744707942009,0.0005630892119370401,1.0,1.0,0,noop,0.5966728329658508,-0.03579542929798407,0,0,0
522,0.13495007157325745,-0.007134273182600737,0.0019536830950528383,-0.00010835886496352032,-0.04618152230978012,-0.0006662962259724736,1.0,1.0,1,left_engine,0.5939537882804871,0.04164105209209737,0,0,0
523,0.13493748009204865,-0.007132949773222208,-0.001273522968403995,6.017089981469326e-05,-0.046159494668245316,0.00043035222915932536,1.0,1.0,0,noop,0.5963195562362671,-0.04157327865896221,0,0,0
524,0.13495349884033203,-0.007134666666388512,0.0016442248597741127,-7.969304715516046e-05,-0.04618792608380318,-0.0005563959712162614,1.0,1.0,1,left_engine,0.5941157937049866,-0.1535783415664251,0,0,0
525,0.13492469489574432,-0.007131125777959824,-0.0029580837581306696,0.00015915586845949292,-0.04613645002245903,0.0010069396812468767,1.0,1.0,0,noop,0.5975887179374695,0.09946461156701503,0,0,0
526,0.13494329154491425,-0.007133450359106064,0.0019127975683659315,-0.00010500437201699242,-0.04616979509592056,-0.0006519403541460633,1.0,1.0,1,left_engine,0.5940864086151123,0.08707507223128744,0,0,0
527,0.13493585586547852,-0.007132663857191801,-0.0007647497113794088,3.675904736155644e-05,-0.04615655913949013,0.0002586290647741407,1.0,1.0,0,noop,0.5959864258766174,-0.13356081351054883,0,0,0
528,0.13495588302612305,-0.007135024294257164,0.002042864914983511,-0.00010639524407451972,-0.04619204252958298,-0.0007101950468495488,1.0,1.0,1,left_engine,0.5938056707382202,-0.055965329466494323,0,0,0
529,0.13493280112743378,-0.007132377475500107,-0.00236647785641253,0.00012000368587905541,-0.046150997281074524,0.0008028681622818112,1.0,1.0,0,noop,0.5971266627311707,0.05721208452904847,0,0,0
530,0.13494977355003357,-0.007134380284696817,0.001747687696479261,-8.9887464127969e-05,-0.046181339770555496,-0.0005934506189078093,1.0,1.0,1,left_engine,0.5941017270088196,-0.013683901215609778,0,0,0
531,0.1349339485168457,-0.007132663857191801,-0.0016290030907839537,7.962355448398739e-05,-0.046153128147125244,0.0005515136290341616,1.0,1.0,0,noop,0.5966202616691589,-0.03515060796510383,0,0,0
532,0.1349526345729828,-0.0071347737684845924,0.001927934237755835,-9.504726040177047e-05,-0.046186529099941254,-0.0006530731916427612,1.0,1.0,1,left_engine,0.5939235687255859,-0.04380396446941745,0,0,0
533,0.13493195176124573,-0.0071320915594697,-0.0021227970719337463,0.00012019111454719678,-0.04614945501089096,0.0007249388145282865,1.0,1.0,0,noop,0.596971869468689,0.019237673683765166,0,0,0
534,0.13495025038719177,-0.007134451996535063,0.0018795318901538849,-0.00010707818728405982,-0.046182285994291306,-0.0006421433063223958,1.0,1.0,1,left_engine,0.5940061211585999,-0.08234267231861978,0,0,0
535,0.13492612540721893,-0.007131662219762802,-0.002469925209879875,0.0001252697256859392,-0.0461394339799881,0.0008379291975870728,1.0,1.0,0,noop,0.5972977876663208,0.026661072076286985,0,0,0
536,0.1349470168352127,-0.0071340943686664104,0.0021455201786011457,-0.0001090307705453597,-0.04617664963006973,-0.0007280135760083795,1.0,1.0,1,left_engine,0.5938541889190674,0.1257336517379042,0,0,0
537,0.13494110107421875,-0.0071330927312374115,-0.0006060418672859669,4.4785345380660146e-05,-0.046165864914655685,0.0002109232300426811,1.0,1.0,0,noop,0.595786988735199,-0.16570884368399064,0,0,0
538,0.13496246933937073,-0.0071375989355146885,0.002188005018979311,-0.00019971320580225438,-0.04621197655797005,-0.0009223580127581954,1.0,1.0,1,left_engine,0.5937416553497314,-0.07240418807606616,0,0,0
539,0.13493624329566956,-0.007134451996535063,-0.002690535504370928,0.0001415130536770448,-0.04616522043943405,0.0009147020755335689,1.0,1.0,0,noop,0.597261905670166,0.07891943724818162,0,0,0
540,0.13495416939258575,-0.00713674072176218,0.0018519714940339327,-0.00010185698920395225,-0.04619748517870903,-0.0006313620833680034,1.0,1.0,1,left_engine,0.5939502716064453,0.009163052490867046,0,0,0
541,0.13493958115577698,-0.007135095540434122,-0.0015020077116787434,7.301730511244386e-05,-0.04617150127887726,0.0005083532305434346,1.0,1.0,0,noop,0.5964345335960388,-0.05939267161392081,0,0,0
542,0.134959414601326,-0.00713738426566124,0.0020399480126798153,-0.00010094545723404735,-0.04620683565735817,-0.0006911615491844714,1.0,1.0,1,left_engine,0.5937254428863525,-0.05847468644456441,0,0,0
543,0.13493624329566956,-0.007134559098631144,-0.002388713415712118,0.00012528611114248633,-0.04616532102227211,0.0008119313279166818,1.0,1.0,0,noop,0.5970742106437683,0.03796109832050831,0,0,0
544,0.13495521247386932,-0.007136883679777384,0.001956593943759799,-0.00010278867557644844,-0.046199340373277664,-0.0006651701405644417,1.0,1.0,1,left_engine,0.5938553214073181,0.008852457597943869,0,0,0
545,0.13493958115577698,-0.007134952582418919,-0.0016122212400659919,8.697249722899869e-05,-0.04617126286029816,0.0005488902097567916,1.0,1.0,0,noop,0.5965063571929932,-0.04450843419114037,0,0,0
546,0.13495902717113495,-0.007137348875403404,0.002002398017793894,-0.00010689119517337531,-0.04620610922574997,-0.0006813777727074921,1.0,1.0,1,left_engine,0.5937644839286804,0.05520820689066255,0,0,0
547,0.1349474936723709,-0.007135667838156223,-0.001183250336907804,7.412680133711547e-05,-0.046185318380594254,0.00040672635077498853,1.0,1.0,0,noop,0.5960814952850342,-0.04982103488570999,0,0,0
548,0.1349635124206543,-0.0071375989355146885,0.0016404325142502785,-8.888370939530432e-05,-0.0462101586163044,-0.0004903303342871368,1.0,1.0,1,left_engine,0.5939161777496338,-0.03628716090808723,0,0,0
549,0.13494643568992615,-0.007135346066206694,-0.001750607043504715,0.00010006615048041567,-0.04617957025766373,0.0005981708527542651,1.0,1.0,0,noop,0.5964962244033813,0.01527512615403026,0,0,0
550,0.13496160507202148,-0.007137348875403404,0.0015555688878521323,-9.127867815550417e-05,-0.04620679095387459,-0.0005324467783793807,1.0,1.0,1,left_engine,0.5940607786178589,-0.1524372015573607,0,0,0
551,0.13493375480175018,-0.007134130224585533,-0.002856485778465867,0.00014441501116380095,-0.04615725204348564,0.0009688966092653573,1.0,1.0,0,noop,0.5973958373069763,0.07826868135196463,0,0,0
552,0.13495340943336487,-0.007136383093893528,0.0020201154984533787,-0.00010191452747676522,-0.04619227722287178,-0.0006851405487395823,1.0,1.0,1,left_engine,0.5938403606414795,0.11339058384664938,0,0,0
553,0.1349474936723709,-0.007135453168302774,-0.000603995518758893,4.162077311775647e-05,-0.046181581914424896,0.00020905383280478418,1.0,1.0,0,noop,0.5956827402114868,-0.16615633942818064,0,0,0
554,0.13496895134449005,-0.007139422930777073,0.00219285162165761,-0.0001784319174475968,-0.04622683674097061,-0.0009051634115166962,1.0,1.0,1,left_engine,0.5936101078987122,0.057419576757170604,0,0,0
555,0.13495559990406036,-0.007138064131140709,-0.0013613743940368295,6.18180783931166e-05,-0.0462033674120903,0.0004591183678712696,1.0,1.0,0,noop,0.5960866212844849,-0.01563010420344213,0,0,0
556,0.13497009873390198,-0.00713938707485795,0.0014816360780969262,-6.255091284401715e-05,-0.04622494429349899,-0.00042609040974639356,1.0,1.0,1,left_engine,0.5939098000526428,-0.13624674870499007,0,0,0
557,0.1349446326494217,-0.007136383093893528,-0.002612824086099863,0.00013714162923861295,-0.04617953300476074,0.0008882119436748326,1.0,1.0,0,noop,0.5970948338508606,0.07534338949943375,0,0,0
558,0.1349622756242752,-0.007138564717024565,0.0018111923709511757,-9.619074262445793e-05,-0.04621104151010513,-0.0006161530036479235,1.0,1.0,1,left_engine,0.5938550233840942,-0.0977008525947329,0,0,0
559,0.1349373757839203,-0.007135310210287571,-0.002556347753852606,0.0001442436914658174,-0.04616640880703926,0.0008728262037038803,1.0,1.0,0,noop,0.5971656441688538,0.01796138682089321,0,0,0
560,0.1349598914384842,-0.0071382783353328705,0.0023140390403568745,-0.00013134816254023463,-0.04620681330561638,-0.0007904267986305058,1.0,1.0,1,left_engine,0.5935359597206116,0.15824780656967377,0,0,0
561,0.134955495595932,-0.0071375989355146885,-0.00044654813245870173,3.0991450330475345e-05,-0.04619889333844185,0.00015466018521692604,1.0,1.0,0,noop,0.5954463481903076,-0.1981506511821145,0,0,0
562,0.1349784880876541,-0.007142677437514067,0.002345023211091757,-0.0002271738921990618,-0.04624880105257034,-0.0009983258787542582,1.0,1.0,1,left_engine,0.5933942198753357,-0.03507007279970395,0,0,0
563,0.13495436310768127,-0.007139637600630522,-0.002470211358740926,0.00013724944437853992,-0.04620573669672012,0.0008425854030065238,1.0,1.0,0,noop,0.5968345999717712,0.06357082212971576,0,0,0
564,0.1349717080593109,-0.007141962181776762,0.001786470995284617,-0.00010563300747890025,-0.046237003058195114,-0.0006117989541962743,1.0,1.0,1,left_engine,0.5937211513519287,-0.06254618172392654,0,0,0
565,0.13495054841041565,-0.007139279972761869,-0.002170854015275836,0.0001206534361699596,-0.04619913548231125,0.0007404518546536565,1.0,1.0,0,noop,0.596694827079773,-0.002910512332920945,0,0,0
566,0.13497142493724823,-0.007141926325857639,0.0021416479721665382,-0.00011921756959054619,-0.04623648524284363,-0.0007305998005904257,1.0,1.0,1,left_engine,0.5934643745422363,0.04481101059241624,0,0,0
567,0.13495740294456482,-0.007140209898352623,-0.0014338161563500762,7.752547389827669e-05,-0.046211518347263336,0.00048823506222106516,1.0,1.0,0,noop,0.5960975885391235,-0.055780101632919354,0,0,0
568,0.13497619330883026,-0.0071424986235797405,0.0019383527105674148,-0.00010359954467276111,-0.04624522849917412,-0.0006595898885279894,1.0,1.0,1,left_engine,0.593534529209137,0.03194263783671872,0,0,0
569,0.13496294617652893,-0.0071407463401556015,-0.0013564755208790302,7.825363718438894e-05,-0.046221520751714706,0.00046374619705602527,1.0,1.0,0,noop,0.5959557294845581,-0.027220786533298735,0,0,0
570,0.13497838377952576,-0.007142713293433189,0.0015851978678256273,-8.979581616586074e-05,-0.04624918848276138,-0.0005413348553702235,1.0,1.0,1,left_engine,0.5937598347663879,-0.04802982700594313,0,0,0
571,0.13496074080467224,-0.00714049581438303,-0.0018146901857107878,9.839553968049586e-05,-0.04621760547161102,0.0006179967895150185,1.0,1.0,0,noop,0.5963025689125061,0.019585155294358003,0,0,0
572,0.1349761039018631,-0.007142426911741495,0.0015762621769681573,-8.627769420854747e-05,-0.04624505341053009,-0.0005371029255911708,1.0,1.0,1,left_engine,0.5937995910644531,-0.06895663566070695,0,0,0
573,0.1349564492702484,-0.007139959372580051,-0.0020200719591230154,0.00011131894279969856,-0.046209853142499924,0.0006886363262310624,1.0,1.0,0,noop,0.5965043902397156,0.017837276505208166,0,0,0
574,0.1349739134311676,-0.007142176851630211,0.0017931960755959153,-9.95365044218488e-05,-0.046241115778684616,-0.0006116068689152598,1.0,1.0,1,left_engine,0.5936774611473083,-0.07070371367352976,0,0,0
575,0.1349518746137619,-0.007139637600630522,-0.0022614547051489353,0.00011477193038444966,-0.04620187729597092,0.0007671953062526882,1.0,1.0,0,noop,0.5967391133308411,0.019137274838044505,0,0,0
576,0.13497142493724823,-0.007141890469938517,0.0020157801918685436,-0.00010243365977657959,-0.04623684659600258,-0.0006839020061306655,1.0,1.0,1,left_engine,0.5935477614402771,-0.013458760663097563,0,0,0
577,0.13495302200317383,-0.0071397447027266026,-0.001901986077427864,9.706092532724142e-05,-0.0462038479745388,0.0006453936221078038,1.0,1.0,0,noop,0.5964821577072144,-0.022096386455039863,0,0,0
578,0.13497313857078552,-0.007142069283872843,0.0020666602067649364,-0.0001054381427820772,-0.0462397076189518,-0.0007013467256911099,1.0,1.0,1,left_engine,0.5934849977493286,0.03997462730549131,0,0,0
579,0.13495931029319763,-0.007140209898352623,-0.001405704184435308,8.216251444537193e-05,-0.04621511325240135,0.0004809535457752645,1.0,1.0,0,noop,0.5960454344749451,-0.045069982900074024,0,0,0
580,0.13497686386108398,-0.0071424986235797405,0.0018067441415041685,-0.00010232486965833232,-0.04624663293361664,-0.0006169294938445091,1.0,1.0,1,left_engine,0.593623161315918,-0.03469863478410559,0,0,0
581,0.13495835661888123,-0.007140245288610458,-0.0019056362798437476,0.00010241812560707331,-0.04621346667408943,0.0006485887570306659,1.0,1.0,0,noop,0.5963997840881348,0.01619828011288149,0,0,0
582,0.13497476279735565,-0.007142248097807169,0.001697875326499343,-9.190959099214524e-05,-0.04624302312731743,-0.0005781584186479449,1.0,1.0,1,left_engine,0.5937310457229614,-0.03623137978416466,0,0,0
583,0.1349572241306305,-0.007140245288610458,-0.0018093951512128115,9.114866406889632e-05,-0.04621163755655289,0.0006135340081527829,1.0,1.0,0,noop,0.5963561534881592,-0.0044709266341378395,0,0,0
584,0.1349746733903885,-0.007142248097807169,0.0018052546074613929,-9.114350541494787e-05,-0.04624294862151146,-0.0006122259073890746,1.0,1.0,1,left_engine,0.5936495065689087,-0.1160930725766238,0,0,0
585,0.1349479705095291,-0.007139029446989298,-0.0027390678878873587,0.00014654691040050238,-0.04619528353214264,0.0009320237440988421,1.0,1.0,0,noop,0.5970942378044128,0.05952599931524816,0,0,0
586,0.1349683701992035,-0.007141532842069864,0.002087827306240797,-0.00011274415737716481,-0.046231627464294434,-0.0007108800928108394,1.0,1.0,1,left_engine,0.5935470461845398,0.030543642916996988,0,0,0
587,0.13495340943336487,-0.007139530032873154,-0.0015244808746501803,9.07273351913318e-05,-0.04620493948459625,0.0005222014151513577,1.0,1.0,0,noop,0.5962178111076355,-0.06774110668673927,0,0,0
588,0.1349743902683258,-0.007142248097807169,0.0021426044404506683,-0.0001221733255079016,-0.04624234884977341,-0.0007319701253436506,1.0,1.0,1,left_engine,0.5934188961982727,-0.0321783881170947,0,0,0
589,0.13495273888111115,-0.007139422930777073,-0.002224872587248683,0.00012700477964244783,-0.04620349034667015,0.0007600582903251052,1.0,1.0,0,noop,0.5966947078704834,0.022018061266201983,0,0,0
590,0.1349717080593109,-0.007141926325857639,0.0019518394256010652,-0.00011291522241663188,-0.04623761773109436,-0.0006673518801108003,1.0,1.0,1,left_engine,0.5935992002487183,-0.0036676512548854123,0,0,0
591,0.13495483994483948,-0.007139959372580051,-0.001736587262712419,8.942963904701173e-05,-0.04620746895670891,0.0005895807407796383,1.0,1.0,0,noop,0.5963433980941772,-0.030189312358050557,0,0,0
592,0.13497419655323029,-0.007142248097807169,0.001984215574339032,-0.00010258171823807061,-0.04624193161725998,-0.0006738475058227777,1.0,1.0,1,left_engine,0.5935290455818176,-0.07297545014497572,0,0,0
593,0.1349499672651291,-0.007139244116842747,-0.0024804859422147274,0.00013524547102861106,-0.046198729425668716,0.0008449688320979476,1.0,1.0,0,noop,0.5969089865684509,0.03788619275009353,0,0,0
594,0.13496990501880646,-0.007141747511923313,0.0020465212874114513,-0.00011261399777140468,-0.046234384179115295,-0.0006975617143325508,1.0,1.0,1,left_engine,0.5935547351837158,-0.02016282575662018,0,0,0
595,0.1349504441022873,-0.007139458786696196,-0.002002894412726164,0.00010355976701248437,-0.04619960859417915,0.0006801142590120435,1.0,1.0,0,noop,0.5965878367424011,-0.02424861376344012,0,0,0
596,0.1349717080593109,-0.007141962181776762,0.002185798715800047,-0.0001131617245846428,-0.04623756930232048,-0.0007423614151775837,1.0,1.0,1,left_engine,0.5934211015701294,0.07182245454001304,0,0,0
597,0.1349598914384842,-0.007140531670302153,-0.001201628940179944,6.317649967968464e-05,-0.04621666669845581,0.0004084365500602871,1.0,1.0,0,noop,0.5958967208862305,-0.06723707038999294,0,0,0
598,0.13497762382030487,-0.007142677437514067,0.0018236797768622637,-9.507275535725057e-05,-0.04624834284186363,-0.000619579921476543,1.0,1.0,1,left_engine,0.5935925245285034,-0.04347482900702701,0,0,0
599,0.13495807349681854,-0.0071401740424335,-0.0020125906448811293,0.00011091367196058854,-0.04621325805783272,0.0006860303110443056,1.0,1.0,0,noop,0.5964733362197876,0.030514120524621546,0,0,0
600,0.13497419655323029,-0.007142212241888046,0.0016627192962914705,-9.267058339901268e-05,-0.046242259442806244,-0.0005671806866303086,1.0,1.0,1,left_engine,0.5937665104866028,-0.011959916981619328,0,0,0
601,0.13495922088623047,-0.00714049581438303,-0.0015244719106703997,7.621680560987443e-05,-0.04621582478284836,0.0005167062627151608,1.0,1.0,0,noop,0.5961345434188843,-0.026776042972134206,0,0,0
602,0.13497619330883026,-0.007142462767660618,0.001744631677865982,-8.786092075752094e-05,-0.046246062964200974,-0.0005915652145631611,1.0,1.0,1,left_engine,0.5936694145202637,-0.04790322782462894,0,0,0
603,0.13495703041553497,-0.007140031084418297,-0.0019765885081142187,0.00010909578850260004,-0.0462116114795208,0.0006737866206094623,1.0,1.0,0,noop,0.5964653491973877,0.019356527888042763,0,0,0
604,0.1349739134311676,-0.007142176851630211,0.0017361121717840433,-9.633276204112917e-05,-0.046241890639066696,-0.0005920747644267976,1.0,1.0,1,left_engine,0.5937173962593079,-0.03770102390246308,0,0,0
605,0.13495579361915588,-0.007140102330595255,-0.0018639655318111181,9.329752356279641e-05,-0.04620958864688873,0.0006317629013210535,1.0,1.0,0,noop,0.5964138507843018,-0.004706069471808405,0,0,0
606,0.1349739134311676,-0.007142176851630211,0.0018605452496558428,-9.345608850708231e-05,-0.04624185338616371,-0.0006307423464022577,1.0,1.0,1,left_engine,0.5936201810836792,0.04012699148789636,0,0,0
607,0.13496217131614685,-0.007140602916479111,-0.0011922569246962667,6.979711906751618e-05,-0.04622097313404083,0.00040796148823574185,1.0,1.0,0,noop,0.5958511233329773,-0.051039134330302716,0,0,0
608,0.13497838377952576,-0.007142677437514067,0.0016569957369938493,-9.322218102170154e-05,-0.04624974727630615,-0.0005655852728523314,1.0,1.0,1,left_engine,0.5937065482139587,0.001972714883305998,0,0,0
609,0.13496485352516174,-0.0071410322561860085,-0.00137545436155051,7.375217683147639e-05,-0.04622581601142883,0.00046807824401184916,1.0,1.0,0,noop,0.5959407687187195,-0.013063527026524469,0,0,0
610,0.13497933745384216,-0.007142569869756699,0.0014702669577673078,-7.053469016682357e-05,-0.046247366815805435,-0.00042543845484033227,1.0,1.0,1,left_engine,0.593773603439331,-0.13763068284714094,0,0,0
611,0.13495388627052307,-0.0071393512189388275,-0.002615403849631548,0.00014571261999662966,-0.04620176926255226,0.0008920960826799273,1.0,1.0,0,noop,0.5969426035881042,0.07565806824360521,0,0,0
612,0.13497142493724823,-0.007141675800085068,0.0018105797935277224,-0.00010452522110426798,-0.0462334081530571,-0.0006190388230606914,1.0,1.0,1,left_engine,0.5937116146087646,-0.07816753024376652,0,0,0
613,0.13494853675365448,-0.007139029446989298,-0.0023561418056488037,0.0001186705194413662,-0.04619254544377327,0.000798930530436337,1.0,1.0,0,noop,0.5968591570854187,0.003596937636302755,0,0,0
614,0.13497057557106018,-0.007141568697988987,0.0022589608561247587,-0.00011414994514780119,-0.04623172804713249,-0.0007661770796403289,1.0,1.0,1,left_engine,0.5933898091316223,0.04883646817453638,0,0,0
615,0.13495568931102753,-0.007139637600630522,-0.001512378454208374,8.694284042576328e-05,-0.04620528966188431,0.0005168680218048394,1.0,1.0,0,noop,0.5961817502975464,-0.06087251986509301,0,0,0
616,0.13497582077980042,-0.007142176851630211,0.0020641882438212633,-0.0001148050869232975,-0.04624128341674805,-0.0007040719501674175,1.0,1.0,1,left_engine,0.5934575796127319,-0.07073857071224651,0,0,0
617,0.13495102524757385,-0.007139029446989298,-0.002540038200095296,0.00014185287000145763,-0.04619697853922844,0.00086653494508937,1.0,1.0,0,noop,0.5969366431236267,0.047044656879624114,0,0,0
618,0.13497066497802734,-0.007141568697988987,0.0020153510849922895,-0.0001147528673755005,-0.046232160180807114,-0.0006884348695166409,1.0,1.0,1,left_engine,0.5935741662979126,-0.02011468952671322,0,0,0
619,0.1349513977766037,-0.007139208260923624,-0.0019705798476934433,0.00010624232527334243,-0.04619784280657768,0.0006708303699269891,1.0,1.0,0,noop,0.596555233001709,-0.02748936135927238,0,0,0
620,0.13497266173362732,-0.0071418192237615585,0.0021857700776308775,-0.00011748010729206726,-0.04623587802052498,-0.0007439645705744624,1.0,1.0,1,left_engine,0.5934152007102966,-0.04903383090425592,0,0,0
621,0.13494892418384552,-0.0071390653029084206,-0.0024423403665423393,0.00012392598728183657,-0.04619351774454117,0.0008284944924525917,1.0,1.0,0,noop,0.5969098210334778,0.019353946862409543,0,0,0
622,0.1349702775478363,-0.007141532842069864,0.002189663238823414,-0.00011114287190139294,-0.04623151570558548,-0.0007428037351928651,1.0,1.0,1,left_engine,0.5934444069862366,0.059795762590963336,0,0,0
623,0.1349572241306305,-0.0071396734565496445,-0.0013283607549965382,8.415307820541784e-05,-0.04620816186070442,0.00045694629079662263,1.0,1.0,0,noop,0.5960257649421692,-0.07404842780283616,0,0,0
624,0.13497677445411682,-0.007142319809645414,0.0020131345372647047,-0.00011861898383358493,-0.04624338075518608,-0.0006891521625220776,1.0,1.0,1,left_engine,0.5934839248657227,0.016418107094265083,0,0,0
625,0.13496121764183044,-0.007140602916479111,-0.0015937427524477243,7.7735137892887e-05,-0.04621580243110657,0.0005394057370722294,1.0,1.0,0,noop,0.5961573719978333,-0.0102534395826126,0,0,0
626,0.1349773406982422,-0.0071423910558223724,0.0016513851005584002,-8.14215891296044e-05,-0.04624439403414726,-0.0005592911620624363,1.0,1.0,1,left_engine,0.5937244296073914,-0.13890278472156467,0,0,0
627,0.13494987785816193,-0.00713895820081234,-0.002814752282574773,0.00015645913663320243,-0.04619532451033592,0.0009599764598533511,1.0,1.0,0,noop,0.5971070528030396,0.07815750824441281,0,0,0
628,0.13496923446655273,-0.007141461595892906,0.001980261644348502,-0.00011293198622297496,-0.046229902654886246,-0.0006764953141100705,1.0,1.0,1,left_engine,0.5936214327812195,0.01344516671185872,0,0,0
629,0.13495369255542755,-0.007139530032873154,-0.0015898821875452995,8.935745427152142e-05,-0.0462021641433239,0.0005426049465313554,1.0,1.0,0,noop,0.5962655544281006,-0.06229351443790421,0,0,0
630,0.1349746733903885,-0.007142140995711088,0.002153463428840041,-0.00011839947546832263,-0.04623968526721001,-0.000733975088223815,1.0,1.0,1,left_engine,0.5934090614318848,-0.0021639735291240914,0,0,0
631,0.13495588302612305,-0.00713970884680748,-0.0019277794053778052,0.00010998619109159335,-0.04620601609349251,0.0006585512892343104,1.0,1.0,0,noop,0.5964547991752625,-0.0011522325432125058,0,0,0
632,0.13497428596019745,-0.0071421051397919655,0.0018878728151321411,-0.00010776749695651233,-0.04623899981379509,-0.0006449614302255213,1.0,1.0,1,left_engine,0.5936098694801331,-0.04376529807816951,0,0,0
633,0.1349540650844574,-0.00713970884680748,-0.0020822540391236544,0.00010874700092244893,-0.046202823519706726,0.0007074708701111376,1.0,1.0,0,noop,0.5965895056724548,0.006674947595673331,0,0,0
634,0.13497313857078552,-0.007141998037695885,0.001962373498827219,-0.00010289743659086525,-0.046236928552389145,-0.0006669563590548933,1.0,1.0,1,left_engine,0.5935673713684082,0.01162040462165706,0,0,0
635,0.13495759665966034,-0.007139923516660929,-0.0015894623938947916,9.601384226698428e-05,-0.04620906710624695,0.0005449838936328888,1.0,1.0,0,noop,0.5962020754814148,-0.03509481674791104,0,0,0
636,0.13497599959373474,-0.0071423910558223724,0.001888513914309442,-0.00011086110316682607,-0.04624209925532341,-0.0006463229074142873,1.0,1.0,1,left_engine,0.5935855507850647,-0.12033323935719295,0,0,0
637,0.1349479705095291,-0.007138850633054972,-0.002868935000151396,0.00015830482880119234,-0.04619208350777626,0.000977973104454577,1.0,1.0,0,noop,0.5971651077270508,0.07316024614446093,0,0,0
638,0.13496819138526917,-0.007141461595892906,0.002081688027828932,-0.00011791716678999364,-0.046228427439928055,-0.0007108220015652478,1.0,1.0,1,left_engine,0.5935630798339844,-0.020741046456008688,0,0,0
639,0.13494834303855896,-0.007139101158827543,-0.0020451508462429047,0.00010580608795862645,-0.04619291052222252,0.0006945141358301044,1.0,1.0,0,noop,0.5966532230377197,-0.03658274727156652,0,0,0
640,0.13497114181518555,-0.0071418192237615585,0.002346893073990941,-0.00012163559586042538,-0.04623367637395859,-0.0007970550213940442,1.0,1.0,1,left_engine,0.5933193564414978,0.023109022609138635,0,0,0
641,0.13495302200317383,-0.007139565888792276,-0.0018669007113203406,0.00010191850742558017,-0.04620116204023361,0.0006359940161928535,1.0,1.0,0,noop,0.5964603424072266,-0.028550997086103536,0,0,0
642,0.1349734365940094,-0.007142069283872843,0.002095129806548357,-0.00011339794582454488,-0.04623764380812645,-0.0007134074112400413,1.0,1.0,1,left_engine,0.5934689044952393,0.025201816171361885,0,0,0
643,0.13495798408985138,-0.007139995228499174,-0.0015866601606830955,9.49563182075508e-05,-0.04620986059308052,0.000543678121175617,1.0,1.0,0,noop,0.5961944460868835,-0.032429711776423176,0,0,0
644,0.1349761039018631,-0.0071423910558223724,0.0018598852911964059,-0.00010866556840483099,-0.046242378652095795,-0.0006363232969306409,1.0,1.0,1,left_engine,0.593603789806366,0.030871864725374537,0,0,0
645,0.13496342301368713,-0.007140853442251682,-0.0012876583496108651,6.8769404606428e-05,-0.046219971030950546,0.000438061251770705,1.0,1.0,0,noop,0.5959070324897766,-0.03495317402706988,0,0,0
646,0.13497896492481232,-0.007142713293433189,0.0015934444963932037,-8.4858009358868e-05,-0.04624767228960991,-0.0005420529050752521,1.0,1.0,1,left_engine,0.5937455296516418,-0.11755828857806591,0,0,0
647,0.13495425879955292,-0.007139601744711399,-0.0025364721659570932,0.00013949010462965816,-0.046203482896089554,0.000864428177010268,1.0,1.0,0,noop,0.5968844890594482,0.07014061532426297,0,0,0
648,0.1349715292453766,-0.007141854614019394,0.0017874831100925803,-0.00010115159238921478,-0.04623468220233917,-0.0006103023188188672,1.0,1.0,1,left_engine,0.5937234163284302,0.010856304779001819,0,0,0
649,0.13495759665966034,-0.007139995228499174,-0.0014181213919073343,8.432530739810318e-05,-0.04620983824133873,0.000485777243738994,1.0,1.0,0,noop,0.5960832238197327,-0.05712929707781811,0,0,0
650,0.13497638702392578,-0.007142462767660618,0.001936060027219355,-0.00011080337571911514,-0.046243637800216675,-0.0006615639431402087,1.0,1.0,1,left_engine,0.5935415029525757,-0.05988598861908542,0,0,0
651,0.1349540650844574,-0.007139565888792276,-0.002296909224241972,0.0001307689381064847,-0.04620353505015373,0.0007845195941627026,1.0,1.0,0,noop,0.5967258810997009,0.038232967775506665,0,0,0
652,0.13497209548950195,-0.007141962181776762,0.0018644211813807487,-0.00010845649376278743,-0.04623613506555557,-0.0006377344252541661,1.0,1.0,1,left_engine,0.5936605334281921,-0.02924730884922752,0,0,0
653,0.1349535882472992,-0.0071396734565496445,-0.001909084850922227,0.00010354424739489332,-0.0462028868496418,0.0006501172902062535,1.0,1.0,0,noop,0.5964787602424622,-0.017630709758812202,0,0,0
654,0.13497333228588104,-0.0071421051397919655,0.0020300294272601604,-0.00010998487414326519,-0.046238236129283905,-0.0006912696408107877,1.0,1.0,1,left_engine,0.5935162901878357,0.040320514439426774,0,0,0
655,0.1349598914384842,-0.007140209898352623,-0.001364695024676621,8.421018719673157e-05,-0.0462142750620842,0.0004685681778937578,1.0,1.0,0,noop,0.5960088968276978,-0.04689823050763664,0,0,0
656,0.13497725129127502,-0.007142569869756699,0.0017844904214143753,-0.00010541739902691916,-0.04624548926949501,-0.0006109655369073153,1.0,1.0,1,left_engine,0.5936394333839417,-0.13466111278071466,0,0,0
657,0.13494892418384552,-0.007139137014746666,-0.002909210044890642,0.00015406215970870107,-0.046194881200790405,0.0009892641101032495,1.0,1.0,0,noop,0.5971731543540955,0.08759944817083465,0,0,0
658,0.13496819138526917,-0.007141496986150742,0.001980582717806101,-0.00010665676381904632,-0.04622935876250267,-0.0006741922115907073,1.0,1.0,1,left_engine,0.5936304926872253,0.0927598516051458,0,0,0
659,0.13496056199073792,-0.007140602916479111,-0.0007759620202705264,4.018459003418684e-05,-0.04621587693691254,0.00026353777502663434,1.0,1.0,0,noop,0.5955919027328491,-0.1311961263809387,0,0,0
660,0.13498058915138245,-0.007142927497625351,0.0020321724005043507,-0.00010394926357548684,-0.046249888837337494,-0.0006805344019085169,1.0,1.0,1,left_engine,0.5933940410614014,-0.11738812710609878,0,0,0
661,0.1349513977766037,-0.007139137014746666,-0.0029853535816073418,0.000169306033058092,-0.046197790652513504,0.0010194870410487056,1.0,1.0,0,noop,0.5971715450286865,0.10043027940864846,0,0,0
662,0.13497018814086914,-0.0071417116560041904,0.0019296733662486076,-0.00011590374197112396,-0.04623159021139145,-0.0006615060847252607,1.0,1.0,1,left_engine,0.5936474204063416,0.07040827464907665,0,0,0
663,0.13496074080467224,-0.007140281144529581,-0.0009532920084893703,6.358734390232712e-05,-0.0462147518992424,0.0003291762841399759,1.0,1.0,0,noop,0.5957088470458984,-0.11047658559058604,0,0,0
664,0.13498029112815857,-0.007142927497625351,0.0020020438823848963,-0.00011748811084544286,-0.04624977707862854,-0.0006852051010355353,1.0,1.0,1,left_engine,0.5934371948242188,-0.06890942964106969,0,0,0
665,0.1349562704563141,-0.007139887660741806,-0.0024578224401921034,0.00013641656551044434,-0.04620691388845444,0.0008382278610952199,1.0,1.0,0,noop,0.5968009829521179,0.06349897725986864,0,0,0
666,0.13497352600097656,-0.007142140995711088,0.001775355776771903,-0.00010147587454412133,-0.046237919479608536,-0.000606608169618994,1.0,1.0,1,left_engine,0.5937027335166931,-0.05401047202704376,0,0,0
667,0.13495340943336487,-0.007139422930777073,-0.0020712451077997684,0.00012214045273140073,-0.0462016724050045,0.0007090428844094276,1.0,1.0,0,noop,0.596585750579834,-0.008761805078137286,0,0,0
668,0.13497380912303925,-0.007142176851630211,0.002101548947393894,-0.00012343643174972385,-0.04623843729496002,-0.0007193301571533084,1.0,1.0,1,left_engine,0.5934650301933289,0.04918085245535167,0,0,0
669,0.13496056199073792,-0.007140674628317356,-0.0013484109658747911,6.608649709960446e-05,-0.04621508717536926,0.00045654005953110754,1.0,1.0,0,noop,0.595996081829071,-0.05695217502861283,0,0,0
670,0.1349787712097168,-0.0071427845396101475,0.0018665797542780638,-9.338615200249478e-05,-0.04624742269515991,-0.000632701616268605,1.0,1.0,1,left_engine,0.5935460925102234,-0.07481285474573582,0,0,0
671,0.13495559990406036,-0.007139959372580051,-0.0023783205542713404,0.00012696828343905509,-0.046206049621105194,0.0008091650670394301,1.0,1.0,0,noop,0.5967605710029602,0.04897249050914354,0,0,0
672,0.13497352600097656,-0.007142140995711088,0.001839292817749083,-9.893321112031117e-05,-0.04623806104063988,-0.0006260814843699336,1.0,1.0,1,left_engine,0.5936518311500549,-0.032347204251023526,0,0,0
673,0.13495492935180664,-0.0071397447027266026,-0.0019144928082823753,0.0001082671296899207,-0.04620463028550148,0.0006536850705742836,1.0,1.0,0,noop,0.5964604020118713,-0.019013623429430027,0,0,0
674,0.134974867105484,-0.007142283953726292,0.0020486745052039623,-0.00011490574979688972,-0.04624038562178612,-0.000699174590408802,1.0,1.0,1,left_engine,0.5934831500053406,-0.038140026900228746,0,0,0
675,0.13495349884033203,-0.007139780558645725,-0.0021898860577493906,0.00011276151053607464,-0.04620235785841942,0.000743458978831768,1.0,1.0,0,noop,0.5966698527336121,0.00880083211250593,0,0,0
676,0.1349734365940094,-0.007142140995711088,0.0020464754197746515,-0.00010570568701950833,-0.04623790457844734,-0.0006949433009140193,1.0,1.0,1,left_engine,0.5934998393058777,-0.053943694859767105,0,0,0
677,0.13495054841041565,-0.007139494642615318,-0.0023493573535233736,0.00011958125833189115,-0.04619714245200157,0.0007970629376359284,1.0,1.0,0,noop,0.5968217253684998,0.010192088754276796,0,0,0
678,0.13497181236743927,-0.007141962181776762,0.0021883277222514153,-0.00011131189239677042,-0.0462350957095623,-0.0007424617651849985,1.0,1.0,1,left_engine,0.593420684337616,0.004185047382830903,0,0,0
679,0.13495340943336487,-0.007139458786696196,-0.00189772283192724,0.00011233500117668882,-0.04620186984539032,0.0006498363800346851,1.0,1.0,0,noop,0.5964706540107727,-0.03142769977904791,0,0,0
680,0.1349743902683258,-0.007142248097807169,0.0021529579535126686,-0.00012478775170166045,-0.046239521354436874,-0.0007362629403360188,1.0,1.0,1,left_engine,0.5934178233146667,0.09862462202317815,0,0,0
681,0.13496550917625427,-0.007141139358282089,-0.0008934609359130263,4.996375719201751e-05,-0.04622390493750572,0.0003048265352845192,1.0,1.0,0,noop,0.5955976843833923,-0.1076632209508297,0,0,0
682,0.13498421013355255,-0.007144322618842125,0.0019088949775323272,-0.00014088721945881844,-0.0462624728679657,-0.0007715282845310867,1.0,1.0,1,left_engine,0.5935325026512146,-0.011144318522240154,0,0,0
683,0.13496704399585724,-0.00714203342795372,-0.0017707934603095055,0.00010205583384959027,-0.04623153433203697,0.0006053573451936245,1.0,1.0,0,noop,0.5961700081825256,0.016079898760107625,0,0,0
684,0.13498230278491974,-0.007144143804907799,0.0015673271846026182,-9.374979708809406e-05,-0.046258989721536636,-0.000537105486728251,1.0,1.0,1,left_engine,0.5937121510505676,-0.08684669576768186,0,0,0
685,0.13496093451976776,-0.007141532842069864,-0.0021951536182314157,0.00011635736154858023,-0.046220820397138596,0.0007465707021765411,1.0,1.0,0,noop,0.5965490937232971,0.03158799730933026,0,0,0
686,0.13497868180274963,-0.007143750321120024,0.0018300500232726336,-9.788395254872739e-05,-0.04625267907977104,-0.0006227620178833604,1.0,1.0,1,left_engine,0.5935702919960022,-0.08967140155824424,0,0,0
687,0.13495445251464844,-0.007140638772398233,-0.0024932967498898506,0.00014057238877285272,-0.04620915651321411,0.0008511788328178227,1.0,1.0,0,noop,0.5968430042266846,0.02787925266916247,0,0,0
688,0.13497543334960938,-0.007143356837332249,0.002156216185539961,-0.00012285890989005566,-0.046246811747550964,-0.0007365882629528642,1.0,1.0,1,left_engine,0.5933894515037537,0.08563469415099803,0,0,0
689,0.13496533036231995,-0.007141998037695885,-0.0010297897970303893,6.033987665432505e-05,-0.046228788793087006,0.00035241813748143613,1.0,1.0,0,noop,0.5956864953041077,-0.09573303881039408,0,0,0
690,0.1349841058254242,-0.007144393865019083,0.0019333533709868789,-0.000106912171759177,-0.046262480318546295,-0.000659195939078927,1.0,1.0,1,left_engine,0.5934138298034668,-0.0688137469765013,0,0,0
691,0.13496093451976776,-0.0071414257399737835,-0.0023857050109654665,0.0001314776745857671,-0.04622089862823486,0.0008132406510412693,1.0,1.0,0,noop,0.5966730713844299,0.05836988412155364,0,0,0
692,0.1349780112504959,-0.007143642753362656,0.0017550326883792877,-9.898142889142036e-05,-0.04625153914093971,-0.0005991385551169515,1.0,1.0,1,left_engine,0.5936384797096252,0.023480509532349175,0,0,0
693,0.13496561348438263,-0.007142283953726292,-0.00125574367120862,6.0772348660975695e-05,-0.04622979462146759,0.0004248427285347134,1.0,1.0,0,noop,0.5958448052406311,-0.06204357209321287,0,0,0
694,0.13498325645923615,-0.007144322618842125,0.0018260643118992448,-9.05199340195395e-05,-0.04626141116023064,-0.0006186339305713773,1.0,1.0,1,left_engine,0.5934962034225464,-0.02201910573987817,0,0,0
695,0.1349658966064453,-0.007142176851630211,-0.0017946313600987196,9.532884723739699e-05,-0.046230193227529526,0.0006104224012233317,1.0,1.0,0,noop,0.59620600938797,0.01346701459897659,0,0,0
696,0.13498163223266602,-0.007144072093069553,0.0016162939136847854,-8.588119817432016e-05,-0.04625829681754112,-0.0005497828824445605,1.0,1.0,1,left_engine,0.5936785936355591,-0.15426531290097387,0,0,0
697,0.13495293259620667,-0.00714049581438303,-0.002936865668743849,0.00015995782450772822,-0.046207159757614136,0.0010003859642893076,1.0,1.0,0,noop,0.5971164703369141,0.08044283152980469,0,0,0
698,0.13497313857078552,-0.007143070921301842,0.002077039796859026,-0.00011547727626748383,-0.04624337702989578,-0.0007084526005201042,1.0,1.0,1,left_engine,0.5934789180755615,0.07433475743840504,0,0,0
699,0.13496264815330505,-0.007141568697988987,-0.0010640918044373393,6.660765211563557e-05,-0.04622465744614601,0.0003657386405393481,1.0,1.0,0,noop,0.5957483053207397,-0.10627414157153936,0,0,0
700,0.1349828690290451,-0.007144215051084757,0.0020690993405878544,-0.00011808259296230972,-0.0462607778608799,-0.0007068737177178264,1.0,1.0,1,left_engine,0.5933367013931274,-0.012216333912305116,0,0,0
701,0.13496389985084534,-0.0071417116560041904,-0.0019444680074229836,0.00011201223969692364,-0.04622679948806763,0.0006646088440902531,1.0,1.0,0,noop,0.596331775188446,0.021810128812138174,0,0,0
702,0.1349802017211914,-0.007143893279135227,0.0016809109365567565,-9.842259169090539e-05,-0.04625619947910309,-0.0005751934950239956,1.0,1.0,1,left_engine,0.5936593413352966,-0.07312120702926592,0,0,0
703,0.13495902717113495,-0.007141103968024254,-0.0021706768311560154,0.00012411810166668147,-0.04621826857328415,0.0007416235748678446,1.0,1.0,0,noop,0.5965564250946045,0.01978788815400989,0,0,0
704,0.13497762382030487,-0.00714360736310482,0.0019208587473258376,-0.00011121446004835889,-0.04625183343887329,-0.0006568507524207234,1.0,1.0,1,left_engine,0.5935249924659729,0.07149545543631433,0,0,0
705,0.13496847450733185,-0.007142355665564537,-0.0009330011089332402,5.636901914840564e-05,-0.04623546078801155,0.00031991308787837625,1.0,1.0,0,noop,0.5955678224563599,-0.09949348301113048,0,0,0
706,0.1349867880344391,-0.007145109120756388,0.001871198182925582,-0.00012383129796944559,-0.04627137631177902,-0.0007184615824371576,1.0,1.0,1,left_engine,0.5934775471687317,-0.1135348218059444,0,0,0
707,0.13495969772338867,-0.007141854614019394,-0.002782318741083145,0.00014794668823014945,-0.046222984790802,0.0009464601753279567,1.0,1.0,0,noop,0.5969278812408447,0.08607673449905207,0,0,0
708,0.1349778175354004,-0.007144179195165634,0.0018718009814620018,-0.00010310720972483978,-0.04625561088323593,-0.0006381232524290681,1.0,1.0,1,left_engine,0.5935483574867249,0.014784938445761925,0,0,0
709,0.1349635124206543,-0.007142426911741495,-0.0014645580668002367,7.840877515263855e-05,-0.046230122447013855,0.0004983936087228358,1.0,1.0,0,noop,0.5960138440132141,-0.06585665145548347,0,0,0
710,0.134983628988266,-0.0071448590606451035,0.0020661824382841587,-0.00010938631021417677,-0.04626604542136192,-0.0007026744424365461,1.0,1.0,1,left_engine,0.5933144092559814,-0.05915968173278571,0,0,0
711,0.13495998084545135,-0.007141962181776762,-0.0024231383576989174,0.00013011449482291937,-0.04622386023402214,0.0008247174555435777,1.0,1.0,0,noop,0.5967066287994385,0.040630424053588854,0,0,0
712,0.13497915863990784,-0.00714435800909996,0.001963979098945856,-0.0001063790696207434,-0.04625805839896202,-0.0006688189459964633,1.0,1.0,1,left_engine,0.5934592485427856,-0.03619401888479487,0,0,0
713,0.13495893776416779,-0.007141854614019394,-0.0020823879167437553,0.00011101413838332519,-0.04622183367609978,0.0007084532408043742,1.0,1.0,0,noop,0.5964974164962769,-0.013637065225648115,0,0,0
714,0.13497991859912872,-0.007144429720938206,0.002159995259717107,-0.00011500626715132967,-0.046259406954050064,-0.0007348490762524307,1.0,1.0,1,left_engine,0.5933042168617249,0.10417607179431812,0,0,0
715,0.13497161865234375,-0.0071431780233979225,-0.000842681503854692,5.553419759962708e-05,-0.0462445430457592,0.0002906902809627354,1.0,1.0,0,noop,0.5954490303993225,-0.11779629771323386,0,0,0
716,0.13499078154563904,-0.007146539632230997,0.0019576186314225197,-0.00015153158165048808,-0.04628422111272812,-0.0007939416100271046,1.0,1.0,1,left_engine,0.5933876037597656,-0.10883557561594401,0,0,0
717,0.1349632292985916,-0.007143070921301842,-0.0028243849519640207,0.0001576446957187727,-0.04623497650027275,0.000963605591095984,1.0,1.0,0,noop,0.596883237361908,0.08887266074344424,0,0,0
718,0.13498163223266602,-0.0071455384604632854,0.0018852356588467956,-0.00011156615801155567,-0.04626798629760742,-0.000645657884888351,1.0,1.0,1,left_engine,0.5934763550758362,0.0067244635762737925,0,0,0
719,0.13496637344360352,-0.0071438574232161045,-0.0015617519384250045,7.777456630719826e-05,-0.0462409146130085,0.0005292732967063785,1.0,1.0,0,noop,0.5960313677787781,-0.061411729280955285,0,0,0
720,0.1349869668483734,-0.0071462178602814674,0.0021176845766603947,-0.0001069111458491534,-0.046277642250061035,-0.0007182527333498001,1.0,1.0,1,left_engine,0.5932130813598633,-0.0873159273245949,0,0,0
721,0.13495998084545135,-0.007142856251448393,-0.002764676697552204,0.0001520825462648645,-0.04622945562005043,0.0009423063020221889,1.0,1.0,0,noop,0.5969029068946838,0.05907055271195816,0,0,0
722,0.13498058915138245,-0.00714546674862504,0.002117208205163479,-0.00011828607239294797,-0.04626638814806938,-0.0007223839638754725,1.0,1.0,1,left_engine,0.5933200120925903,-0.03790081008576848,0,0,0
723,0.13495855033397675,-0.00714282039552927,-0.0022577857598662376,0.00011903590348083526,-0.04622712358832359,0.0007675962406210601,1.0,1.0,0,noop,0.5966112017631531,-0.01938740214946222,0,0,0
724,0.13498182594776154,-0.0071456097066402435,0.002386610023677349,-0.00012585509102791548,-0.046268608421087265,-0.0008114260854199529,1.0,1.0,1,left_engine,0.5931012034416199,-0.01963082430394067,0,0,0
725,0.13495893776416779,-0.007142713293433189,-0.00234655337408185,0.0001299243449466303,-0.04622770473361015,0.0008001012029126287,1.0,1.0,0,noop,0.5966612696647644,-0.004489154775683346,0,0,0
726,0.13498163223266602,-0.007145574316382408,0.0023280931636691093,-0.00012866927136201411,-0.046268280595541,-0.0007937798509374261,1.0,1.0,1,left_engine,0.5931501984596252,0.06462886341660948,0,0,0
727,0.1349676102399826,-0.007143964990973473,-0.0014222610043361783,7.314526737900451e-05,-0.0462435819208622,0.0004828125820495188,1.0,1.0,0,noop,0.5959132313728333,-0.06964269696069536,0,0,0
728,0.1349877417087555,-0.007146324962377548,0.0020618424750864506,-0.00010631899203872308,-0.04627934843301773,-0.0007000865298323333,1.0,1.0,1,left_engine,0.5932427048683167,-0.019990221115704115,0,0,0
729,0.1349680870771408,-0.007144036237150431,-0.002016569720581174,0.00010332451347494498,-0.04624435678124428,0.0006844246527180076,1.0,1.0,0,noop,0.5963053107261658,0.014214052242802921,0,0,0
730,0.13498583436012268,-0.007146110758185387,0.001825179671868682,-9.346807200927287e-05,-0.0462760366499424,-0.0006194544257596135,1.0,1.0,1,left_engine,0.5934434533119202,-0.09700866040822007,0,0,0
731,0.1349608451128006,-0.007142963353544474,-0.002563553163781762,0.00014186507905833423,-0.046231336891651154,0.000874053337611258,1.0,1.0,0,noop,0.5967753529548645,0.03933922877639873,0,0,0
732,0.1349814385175705,-0.007145574316382408,0.0021132025867700577,-0.00011826153058791533,-0.04626820236444473,-0.000721055141184479,1.0,1.0,1,left_engine,0.5933091640472412,0.036762194349383465,0,0,0
733,0.13496693968772888,-0.007143821567296982,-0.001487216679379344,7.912689761724323e-05,-0.04624233767390251,0.0005058698588982224,1.0,1.0,0,noop,0.5959678292274475,-0.0651949433897201,0,0,0
734,0.13498716056346893,-0.00714625371620059,0.0020818719640374184,-0.00010991210001520813,-0.046278517693281174,-0.0007078234339132905,1.0,1.0,1,left_engine,0.5932387709617615,-0.04517762536310485,0,0,0
735,0.1349647492170334,-0.007143428549170494,-0.002295559039339423,0.00012757764488924295,-0.0462384931743145,0.0007828753441572189,1.0,1.0,0,noop,0.5965372323989868,0.030556848594926578,0,0,0
736,0.13498353958129883,-0.007145860232412815,0.0019377798307687044,-0.00010888107499340549,-0.04627230018377304,-0.0006613362929783762,1.0,1.0,1,left_engine,0.5934032201766968,0.014707631491469614,0,0,0
737,0.134968563914299,-0.007143893279135227,-0.0015330180758610368,8.991611684905365e-05,-0.04624546319246292,0.0005246222135610878,1.0,1.0,0,noop,0.5959703326225281,-0.04597332067106663,0,0,0
738,0.13498744368553162,-0.007146360818296671,0.001939383684657514,-0.00011069030006183311,-0.04627932235598564,-0.0006625255336984992,1.0,1.0,1,left_engine,0.5933433175086975,-0.08410035030468663,0,0,0
739,0.1349625587463379,-0.007143106311559677,-0.002548926742747426,0.00014585346798412502,-0.046234797686338425,0.0008708665845915675,1.0,1.0,0,noop,0.5967363119125366,0.051408709851259005,0,0,0
740,0.1349819153547287,-0.007145681418478489,0.001981440233066678,-0.00011649543012026697,-0.04626947641372681,-0.0006781987613067031,1.0,1.0,1,left_engine,0.5934005379676819,0.07982015900889053,0,0,0
741,0.1349729597568512,-0.00714435800909996,-0.0009097036672756076,6.098585436120629e-05,-0.04625341296195984,0.00031418580329045653,1.0,1.0,0,noop,0.5954642295837402,-0.10366798947215017,0,0,0
742,0.13499164581298828,-0.0071466113440692425,0.0018983457703143358,-0.00010190122702624649,-0.046281974762678146,-0.0005717236781492829,1.0,1.0,1,left_engine,0.5932582020759583,-0.08634431433013987,0,0,0
743,0.13496704399585724,-0.0071435715071856976,-0.0025295927189290524,0.00013653546920977533,-0.04623795300722122,0.0008612232049927115,1.0,1.0,0,noop,0.5966664552688599,0.06870620445605624,0,0,0
744,0.13498449325561523,-0.00714578852057457,0.0017945676809176803,-0.00010035401646746323,-0.0462692491710186,-0.0006123516941443086,1.0,1.0,1,left_engine,0.5934998393058777,0.07182458169912678,0,0,0
745,0.1349765807390213,-0.007144787348806858,-0.0007997757056728005,4.547961725620553e-05,-0.046255264431238174,0.00027316861087456346,1.0,1.0,0,noop,0.5953437685966492,-0.1266542345468693,0,0,0
746,0.1349962204694748,-0.007148148957639933,0.0020014061592519283,-0.00015098122821655124,-0.04629598557949066,-0.0008144060266204178,1.0,1.0,1,left_engine,0.5932720303535461,-0.12461194775621706,0,0,0
747,0.13496656715869904,-0.007144393865019083,-0.0030312391463667154,0.0001677909749560058,-0.04624313488602638,0.0010336929699406028,1.0,1.0,0,noop,0.5969381332397461,0.10317385036632132,0,0,0
748,0.1349855363368988,-0.007146933116018772,0.0019476443994790316,-0.00011409971921239048,-0.046277206391096115,-0.0006665628752671182,1.0,1.0,1,left_engine,0.593367338180542,-0.02835052909534383,0,0,0
749,0.134966179728508,-0.007144465576857328,-0.0019854858983308077,0.00011126227036584169,-0.04624255746603012,0.0006775656947866082,1.0,1.0,0,noop,0.596307635307312,-0.04159761645568949,0,0,0
750,0.13498897850513458,-0.007147326599806547,0.002337333280593157,-0.00012942693138029426,-0.046283308416604996,-0.0007970634615048766,1.0,1.0,1,left_engine,0.5930278301239014,0.1132726487101057,0,0,0
751,0.13497981429100037,-0.007146110758185387,-0.0009321595425717533,5.386642078519799e-05,-0.046266987919807434,0.0003187109832651913,1.0,1.0,0,noop,0.5953769087791443,-0.09954035237290526,0,0,0
752,0.13499823212623596,-0.007148470729589462,0.0018753443146124482,-0.00010506569378776476,-0.04629931598901749,-0.0006466470076702535,1.0,1.0,1,left_engine,0.5932257771492004,-0.1082733520287664,0,0,0
753,0.1349717080593109,-0.007145252078771591,-0.002731270855292678,0.00014611060032621026,-0.0462518036365509,0.0009294846095144749,1.0,1.0,0,noop,0.5967063903808594,0.08268269211288981,0,0,0
754,0.13498973846435547,-0.007147541269659996,0.001855044043622911,-0.0001025894089252688,-0.04628415405750275,-0.0006326083675958216,1.0,1.0,1,left_engine,0.5933660268783569,-0.011863729981931498,0,0,0
755,0.13497304916381836,-0.007145574316382408,-0.0017208693316206336,8.894547499949113e-05,-0.046254273504018784,0.0005844269180670381,1.0,1.0,0,noop,0.596031129360199,-0.04580397691095328,0,0,0
756,0.13499364256858826,-0.007148005999624729,0.0021208487451076508,-0.00010967399430228397,-0.04629109799861908,-0.0007203377317637205,1.0,1.0,1,left_engine,0.5931081771850586,0.03245136097665949,0,0,0
757,0.13497868180274963,-0.007146182004362345,-0.0015387892490252852,8.255154534708709e-05,-0.04626431316137314,0.0005237088771536946,1.0,1.0,0,noop,0.5958219766616821,-0.03149849813517491,0,0,0
758,0.1349962204694748,-0.007148291915655136,0.0018044194439426064,-9.605449304217473e-05,-0.04629569128155708,-0.0006138755707070231,1.0,1.0,1,left_engine,0.593299925327301,-0.12269860116930317,0,0,0
759,0.1349688470363617,-0.007144787348806858,-0.002805988537147641,0.00015869976778049022,-0.04624669626355171,0.0009580719051882625,1.0,1.0,0,noop,0.5967849493026733,0.0739400377738697,0,0,0
760,0.13498839735984802,-0.007147397845983505,0.0020127729512751102,-0.0001174414501292631,-0.04628191143274307,-0.0006887071649543941,1.0,1.0,1,left_engine,0.5932767391204834,0.05224459121286998,0,0,0
761,0.13497638702392578,-0.007146074902266264,-0.001225603511556983,5.964374577160925e-05,-0.04626067727804184,0.00041477964259684086,1.0,1.0,0,noop,0.5956403017044067,-0.08853769442647774,0,0,0
762,0.13499632477760315,-0.0071483636274933815,0.002054241020232439,-0.00010285533790010959,-0.046296268701553345,-0.0006963424384593964,1.0,1.0,1,left_engine,0.5931119322776794,0.015458922941854497,0,0,0
763,0.13498039543628693,-0.0071462178602814674,-0.0016441622283309698,9.680193034000695e-05,-0.04626750200986862,0.0005628131912089884,1.0,1.0,0,noop,0.5958610773086548,-0.0038433793609087274,0,0,0
764,0.13499632477760315,-0.007148327771574259,0.0016379657899960876,-9.586853411747143e-05,-0.04629616066813469,-0.0005604682373814285,1.0,1.0,1,left_engine,0.5934246778488159,-0.09971571428091394,0,0,0
765,0.13497285544872284,-0.007145430892705917,-0.0023997537791728973,0.00013045671221334487,-0.046254370361566544,0.0008173410897143185,1.0,1.0,0,noop,0.596481204032898,0.047776209191514596,0,0,0
766,0.13499107956886292,-0.007147720083594322,0.0018717336934059858,-0.00010345747432438657,-0.04628700390458107,-0.0006381617859005928,1.0,1.0,1,left_engine,0.5933322906494141,-0.02049348923843894,0,0,0
767,0.13497333228588104,-0.007145287934690714,-0.0018260590732097626,0.00011010418529622257,-0.046254996210336685,0.0006260749651119113,1.0,1.0,0,noop,0.5960888862609863,-0.02697654079342726,0,0,0
768,0.13499316573143005,-0.0071479701437056065,0.0020398967899382114,-0.00012070366938132793,-0.046290721744298935,-0.000698520103469491,1.0,1.0,1,left_engine,0.5931842923164368,-0.012339315479624274,0,0,0
769,0.13497456908226013,-0.00714546674862504,-0.0019158081850036979,0.00011222470493521541,-0.04625719040632248,0.0006556046428158879,1.0,1.0,0,noop,0.5961304903030396,-0.006484836568404262,0,0,0
770,0.1349932700395584,-0.0071479701437056065,0.0019281113054603338,-0.00011289619578747079,-0.04629091918468475,-0.0006597911706194282,1.0,1.0,1,left_engine,0.5932620763778687,-0.07280219555039011,0,0,0
771,0.13496971130371094,-0.007145252078771591,-0.002422017278149724,0.00012240928481332958,-0.0462489128112793,0.0008213754626922309,1.0,1.0,0,noop,0.5965484976768494,0.02895946900656199,0,0,0
772,0.134989932179451,-0.007147576659917831,0.0020765033550560474,-0.00010520090290810913,-0.04628494754433632,-0.0007043627556413412,1.0,1.0,1,left_engine,0.5931951403617859,0.008240544463260308,0,0,0
773,0.1349729597568512,-0.007145359646528959,-0.001741368672810495,0.00010074624151457101,-0.04625449702143669,0.0005953715881332755,1.0,1.0,0,noop,0.5960403680801392,-0.04085578682130375,0,0,0
774,0.1349932700395584,-0.0071479701437056065,0.0020925658755004406,-0.00011824224930023775,-0.046291008591651917,-0.000714384950697422,1.0,1.0,1,left_engine,0.5931404829025269,0.07621778129744541,0,0,0
775,0.1349828690290451,-0.007146790158003569,-0.0010612696642056108,5.1987783081131056e-05,-0.0462726354598999,0.0003592743305489421,1.0,1.0,0,noop,0.5954241752624512,-0.07359570297701623,0,0,0
776,0.13500003516674042,-0.007148828357458115,0.0017488986486569047,-8.999010606203228e-05,-0.0463026724755764,-0.0006012352532707155,1.0,1.0,1,left_engine,0.5932841300964355,0.011085048751263288,0,0,0
777,0.13498659431934357,-0.007147076074033976,-0.0013756840489804745,7.810425449861214e-05,-0.04627865552902222,0.00046981178456917405,1.0,1.0,0,noop,0.5955837965011597,-0.013111996009090632,0,0,0
778,0.13500098884105682,-0.0071487571112811565,0.0014708016533404589,-7.565454143332317e-05,-0.046300459653139114,-0.0004306181217543781,1.0,1.0,1,left_engine,0.5934233665466309,-0.09194747472492068,0,0,0
779,0.13498011231422424,-0.007145967334508896,-0.0021471502259373665,0.00012411613715812564,-0.0462629497051239,0.0007341628661379218,1.0,1.0,0,noop,0.5962056517601013,0.043267361013448635,0,0,0
780,0.13499632477760315,-0.007148184813559055,0.0016695295926183462,-9.987042722059414e-05,-0.04629218950867653,-0.0005721356719732285,1.0,1.0,1,left_engine,0.5934101939201355,-0.12262548238515222,0,0,0
781,0.1349702775478363,-0.007144787348806858,-0.0026671304367482662,0.00015413509390782565,-0.04624555632472038,0.0009119239402934909,1.0,1.0,0,noop,0.5966947078704834,0.04721462711778912,0,0,0
782,0.13499107956886292,-0.007147612515836954,0.00213735387660563,-0.00012672135198954493,-0.046282973140478134,-0.000732069369405508,1.0,1.0,1,left_engine,0.5931532382965088,-0.005917414839265972,0,0,0
783,0.13497209548950195,-0.00714546674862504,-0.0019507438410073519,9.721172682475299e-05,-0.0462491549551487,0.0006611027056351304,1.0,1.0,0,noop,0.5962058305740356,-0.03806692160057423,0,0,0
784,0.13499422371387482,-0.007148005999624729,0.002269378397613764,-0.00011429986625444144,-0.04628850519657135,-0.0007695670938119292,1.0,1.0,1,left_engine,0.5929953455924988,-0.019922885181631073,0,0,0
785,0.134972482919693,-0.00714514497667551,-0.002228582976385951,0.00012876752589363605,-0.04624955356121063,0.0007619747193530202,1.0,1.0,0,noop,0.5963766574859619,0.002797832017414237,0,0,0
786,0.13499335944652557,-0.007147898897528648,0.002142304787412286,-0.00012363793211989105,-0.04628700390458107,-0.0007324097095988691,1.0,1.0,1,left_engine,0.5931121706962585,0.06150237952083984,0,0,0
787,0.13498087227344513,-0.007146396674215794,-0.001263648271560669,6.603586371056736e-05,-0.04626503214240074,0.00042937425314448774,1.0,1.0,0,noop,0.5956019759178162,-0.06977835021002576,0,0,0
788,0.13499946892261505,-0.0071486495435237885,0.0019087198888882995,-9.963580669136718e-05,-0.046298179775476456,-0.0006485455087386072,1.0,1.0,1,left_engine,0.593178391456604,-0.09895860232647521,0,0,0
789,0.1349734365940094,-0.00714546674862504,-0.0026696701534092426,0.00014395407924894243,-0.046251703053712845,0.0009088162332773209,1.0,1.0,0,noop,0.5966525077819824,0.07055727684763724,0,0,0
790,0.13499203324317932,-0.00714779132977128,0.001913072308525443,-0.00010480350465513766,-0.04628504440188408,-0.0006519263843074441,1.0,1.0,1,left_engine,0.5932934284210205,0.09120916132997195,0,0,0
791,0.13498488068580627,-0.007146718446165323,-0.000722233671694994,4.7765166527824476e-05,-0.04627228155732155,0.0002492104540579021,1.0,1.0,0,noop,0.5951560139656067,-0.14224500038837107,0,0,0
792,0.13500528037548065,-0.007150330580770969,0.0020769545808434486,-0.0001625276345293969,-0.04631466791033745,-0.0008478925446979702,1.0,1.0,1,left_engine,0.5930833220481873,-0.006925003897470389,0,0,0
793,0.1349867880344391,-0.007148327771574259,-0.0019018675666302443,9.008349297801033e-05,-0.04628180339932442,0.0006427737534977496,1.0,1.0,0,noop,0.5959393382072449,0.024400744297075505,0,0,0
794,0.13500241935253143,-0.0071500446647405624,0.001614418812096119,-7.862788334023207e-05,-0.04630975425243378,-0.0005464174901135266,1.0,1.0,1,left_engine,0.5933323502540588,-0.11926472434362864,0,0,0
795,0.1349773406982422,-0.0071466825902462006,-0.002574855461716652,0.00015024621097836643,-0.04626472294330597,0.000880902458447963,1.0,1.0,0,noop,0.5965201258659363,0.052056174115740816,0,0,0
796,0.13499680161476135,-0.007149364799261093,0.0020004678517580032,-0.00011975253437412903,-0.046299777925014496,-0.0006855960236862302,1.0,1.0,1,left_engine,0.5931540131568909,0.01645473375132525,0,0,0
797,0.13498134911060333,-0.007147254887968302,-0.0015798488166183233,9.572257840773091e-05,-0.046272072941064835,0.0005418233340606093,1.0,1.0,0,noop,0.5957986116409302,-0.05510719425872068,0,0,0
798,0.13500156998634338,-0.007149972952902317,0.0020736893638968468,-0.000121170116472058,-0.046308331191539764,-0.0007095528999343514,1.0,1.0,1,left_engine,0.5930256247520447,0.08690795192218317,0,0,0
799,0.134992316365242,-0.007148828357458115,-0.0009323286940343678,5.049111132393591e-05,-0.046292081475257874,0.00031743862200528383,1.0,1.0,0,noop,0.5951825380325317,-0.09988834384333956,0,0,0
800,0.13501062989234924,-0.007152297534048557,0.0018688117852434516,-0.00015500470180995762,-0.04633096233010292,-0.0007778761209920049,1.0,1.0,1,left_engine,0.593143105506897,-0.11592612147617018,0,0,0
801,0.13498325645923615,-0.007149078883230686,-0.002806964796036482,0.00014544697478413582,-0.04628222435712814,0.0009533984703011811,1.0,1.0,0,noop,0.5965577363967896,0.0875041466418871,0,0,0
802,0.13500156998634338,-0.007151331752538681,0.0018818782409653068,-0.00010047185060102493,-0.04631495103240013,-0.0006403493462130427,1.0,1.0,1,left_engine,0.593146800994873,-0.040938625175565874,0,0,0
803,0.13498163223266602,-0.0071487571112811565,-0.0020464856643229723,0.00011459709639893845,-0.046279244124889374,0.0006983473431318998,1.0,1.0,0,noop,0.5960965752601624,-0.026752254144703613,0,0,0
804,0.1350034773349762,-0.00715154642239213,0.0022525391541421413,-0.00012486532796174288,-0.046318504959344864,-0.0007682002033106983,1.0,1.0,1,left_engine,0.5928519368171692,-0.013112481860413111,0,0,0
805,0.13498258590698242,-0.007148792967200279,-0.002141965087503195,0.00012459118443075567,-0.04628104344010353,0.0007326475461013615,1.0,1.0,0,noop,0.5961428880691528,-0.006252513535006443,0,0,0
806,0.1350034773349762,-0.00715154642239213,0.0021459697745740414,-0.0001245348248630762,-0.046318572014570236,-0.0007339386502280831,1.0,1.0,1,left_engine,0.5929330587387085,0.1067822626573485,0,0,0
807,0.13499565422534943,-0.007150366436690092,-0.0008019857341423631,5.3810796089237556e-05,-0.04630441218614578,0.00027699099155142903,1.0,1.0,0,noop,0.5950255990028381,-0.12607889667959782,0,0,0
808,0.13501520454883575,-0.007154013961553574,0.001997041516005993,-0.00016377752763219178,-0.04634552821516991,-0.0008225354249589145,1.0,1.0,1,left_engine,0.59297114610672,0.0428723215411371,0,0,0
809,0.13500232994556427,-0.007152691017836332,-0.0013091687578707933,5.951454659225419e-05,-0.046322956681251526,0.00044150062603875995,1.0,1.0,0,noop,0.5952778458595276,-0.023390043944978345,0,0,0
810,0.13501720130443573,-0.007154085673391819,0.001505922875367105,-6.136869342299178e-05,-0.04634527489542961,-0.00044703707681037486,1.0,1.0,1,left_engine,0.5931196808815002,-0.12167857705444149,0,0,0
811,0.13499288260936737,-0.0071512246504426,-0.002488260855898261,0.00012946313654538244,-0.04630204290151596,0.0008454046910628676,1.0,1.0,0,noop,0.5962169170379639,0.06642738127859715,0,0,0
812,0.13501015305519104,-0.007153298705816269,0.0017766535747796297,-9.370722546009347e-05,-0.04633292555809021,-0.0006041204906068742,1.0,1.0,1,left_engine,0.5930862426757812,-0.03012082895631238,0,0,0
813,0.134992316365242,-0.007151152938604355,-0.001827500993385911,9.618338663130999e-05,-0.04630114883184433,0.0006212886655703187,1.0,1.0,0,noop,0.5957860946655273,-0.02681031164524228,0,0,0
814,0.13501223921775818,-0.007153513375669718,0.0020398441702127457,-0.00010704782471293584,-0.04633660241961479,-0.0006934043485671282,1.0,1.0,1,left_engine,0.5928627848625183,-0.07564590090495102,0,0,0
815,0.13498716056346893,-0.007150616496801376,-0.0025654942728579044,0.00013110219151712954,-0.04629207029938698,0.0008706542430445552,1.0,1.0,0,noop,0.5963569283485413,0.038288984920072267,0,0,0
816,0.1350078582763672,-0.007153012789785862,0.002125498605892062,-0.00010853776620933786,-0.046328961849212646,-0.0007213481585495174,1.0,1.0,1,left_engine,0.5928659439086914,0.08916378756065171,0,0,0
817,0.1349984109401703,-0.007151618134230375,-0.0009609811240807176,6.363830470945686e-05,-0.046312008053064346,0.0003315806097816676,1.0,1.0,0,noop,0.5950899720191956,-0.10156085916104729,0,0,0
818,0.13501720130443573,-0.007154121529310942,0.0019228856544941664,-0.00011248231021454558,-0.04634563624858856,-0.0006579466862604022,1.0,1.0,1,left_engine,0.5928791761398315,0.007289981788092065,0,0,0
819,0.13500156998634338,-0.0071521904319524765,-0.0015943760517984629,8.773132140049711e-05,-0.04631784185767174,0.000543426547665149,1.0,1.0,0,noop,0.5954867005348206,0.00428224409532163,0,0,0
820,0.13501644134521484,-0.007154085673391819,0.0015103246551007032,-8.435267227469012e-05,-0.046344172209501266,-0.0005153172533027828,1.0,1.0,1,left_engine,0.5931857228279114,-0.16098970718276348,0,0,0
821,0.13498811423778534,-0.007150724064558744,-0.0028974362649023533,0.00015096220886334777,-0.046293843537569046,0.0009843541774898767,1.0,1.0,0,noop,0.5965264439582825,0.08849416809565014,0,0,0
822,0.13500718772411346,-0.007153012789785862,0.001960472669452429,-0.00010288243356626481,-0.04632792994379997,-0.000666355132125318,1.0,1.0,1,left_engine,0.5929977297782898,0.043380191231542825,0,0,0
823,0.13499489426612854,-0.0071512246504426,-0.0012613523285835981,8.12410144135356e-05,-0.046305712312459946,0.000434437592048198,1.0,1.0,0,noop,0.5953538417816162,-0.08682892899965111,0,0,0
824,0.13501501083374023,-0.0071539427153766155,0.002072172239422798,-0.00012235106260050088,-0.046341948211193085,-0.0007094132015481591,1.0,1.0,1,left_engine,0.5928059220314026,0.025025201961168336,0,0,0
825,0.13499975204467773,-0.007151904050260782,-0.0015655744355171919,9.159492765320465e-05,-0.04631457105278969,0.0005355960456654429,1.0,1.0,0,noop,0.5954931378364563,-0.011624613413818707,0,0,0
826,0.13501568138599396,-0.007153978571295738,0.0016370685771107674,-9.542920452076942e-05,-0.046343207359313965,-0.0005600386066362262,1.0,1.0,1,left_engine,0.5931079983711243,-0.13485500054616992,0,0,0
827,0.13498878479003906,-0.007150688208639622,-0.0027594477869570255,0.0001486787514295429,-0.04629518464207649,0.0009393150685355067,1.0,1.0,0,noop,0.5964410305023193,0.07545574501438779,0,0,0
828,0.13500776886940002,-0.007153084501624107,0.0019528490956872702,-0.00010730965732363984,-0.046329203993082047,-0.000665583647787571,1.0,1.0,1,left_engine,0.5929975509643555,-0.03726258183882322,0,0,0
829,0.13498754799365997,-0.007150724064558744,-0.002082123653963208,0.0001069216596079059,-0.046293072402477264,0.0007067202241159976,1.0,1.0,0,noop,0.5960291028022766,-0.02541972833374828,0,0,0
830,0.13500967621803284,-0.007153334561735392,0.002274350728839636,-0.00011701529001584277,-0.04633254557847977,-0.0007721262518316507,1.0,1.0,1,left_engine,0.5927298069000244,0.027410475399855444,0,0,0
831,0.13499268889427185,-0.007151403464376926,-0.0017484031850472093,8.808437269181013e-05,-0.04630223289132118,0.0005928386235609651,1.0,1.0,0,noop,0.5957291126251221,-0.03558107865912774,0,0,0
832,0.13501262664794922,-0.007153692189604044,0.0020482635591179132,-0.00010352998651796952,-0.046337760984897614,-0.0006946303183212876,1.0,1.0,1,left_engine,0.5928472876548767,0.0532715422053667,0,0,0
833,0.13500042259693146,-0.007151975762099028,-0.001250025350600481,7.679199916310608e-05,-0.04631582275032997,0.00042907724855467677,1.0,1.0,0,noop,0.5952624678611755,-0.04957337129328465,0,0,0
834,0.13501691818237305,-0.007154157385230064,0.001698931329883635,-9.929367661243305e-05,-0.04634551703929901,-0.000581249943934381,1.0,1.0,1,left_engine,0.5930442214012146,-0.06568234284394478,0,0,0
835,0.1349962204694748,-0.007151689380407333,-0.002113279653713107,0.00011071313929278404,-0.046308789402246475,0.0007181304390542209,1.0,1.0,0,noop,0.5959149599075317,0.03985721643022799,0,0,0
836,0.1350124329328537,-0.007153620943427086,0.0016699476400390267,-8.826849079923704e-05,-0.04633782431483269,-0.0005678305751644075,1.0,1.0,1,left_engine,0.5931271910667419,-0.07737805304728582,0,0,0
837,0.13499097526073456,-0.007150902878493071,-0.0022026177030056715,0.00012313823390286416,-0.04629939794540405,0.0007514344179071486,1.0,1.0,0,noop,0.5960512161254883,0.016476485555870113,0,0,0
838,0.13501033186912537,-0.007153370417654514,0.001984076574444771,-0.00011155337415402755,-0.04633401706814766,-0.0006771744228899479,1.0,1.0,1,left_engine,0.592936635017395,-0.001547736587332621,0,0,0
839,0.13499335944652557,-0.007151009980589151,-0.0017471816390752792,0.00010629334428813308,-0.04630336910486221,0.0005993784288875759,1.0,1.0,0,noop,0.5957094430923462,-0.02942479671202136,0,0,0
840,0.13501262664794922,-0.007153620943427086,0.0019869552925229073,-0.00011832630116259679,-0.04633817821741104,-0.000680623110383749,1.0,1.0,1,left_engine,0.5929039716720581,-0.056249679141379544,0,0,0
841,0.1349901258945465,-0.007150974124670029,-0.0023126695305109024,0.00011947366874665022,-0.046298012137413025,0.0007852247217670083,1.0,1.0,0,noop,0.5961417555809021,0.025357037483622946,0,0,0
842,0.13500957190990448,-0.007153298705816269,0.002005102578550577,-0.00010420154285384342,-0.04633283615112305,-0.000681103381793946,1.0,1.0,1,left_engine,0.5929267406463623,-0.07868959786982785,0,0,0
843,0.13498468697071075,-0.0071501159109175205,-0.002560387598350644,0.00014290906256064773,-0.04628819227218628,0.0008733845315873623,1.0,1.0,0,noop,0.59638512134552,0.022063823150617168,0,0,0
844,0.13500681519508362,-0.007152941077947617,0.002278149127960205,-0.00012792849156539887,-0.046327944844961166,-0.0007774883997626603,1.0,1.0,1,left_engine,0.5927780270576477,0.0623677329710948,0,0,0
845,0.13499316573143005,-0.007151260506361723,-0.0013939549680799246,7.658427784917876e-05,-0.046303655952215195,0.00047504663234576583,1.0,1.0,0,noop,0.5954771637916565,-0.077411480697549,0,0,0
846,0.1350136697292328,-0.007153763901442289,0.0021098037250339985,-0.00011358441406628117,-0.04634036123752594,-0.0007181506371125579,1.0,1.0,1,left_engine,0.5927900671958923,0.08608478651688614,0,0,0
847,0.13500413298606873,-0.007152548059821129,-0.0009771118639037013,5.4770025599282235e-05,-0.04632331430912018,0.00033340221852995455,1.0,1.0,0,noop,0.5950161814689636,-0.09079202496253203,0,0,0
848,0.13502196967601776,-0.007155909668654203,0.0018245804822072387,-0.00014961365377530456,-0.04636118933558464,-0.0007576975040137768,1.0,1.0,1,left_engine,0.5929799675941467,0.013294334988281947,0,0,0
849,0.13500794768333435,-0.007154443301260471,-0.001435081590898335,6.570717232534662e-05,-0.04633644223213196,0.0004840916080866009,1.0,1.0,0,noop,0.5952748656272888,-0.007674934747015527,0,0,0
850,0.1350223571062088,-0.007156052626669407,0.0014717290177941322,-7.08335210219957e-05,-0.046361878514289856,-0.0004977892385795712,1.0,1.0,1,left_engine,0.5931028127670288,-0.08978860866911972,0,0,0
851,0.13500165939331055,-0.007153477519750595,-0.00212605157867074,0.00011378596536815166,-0.04632490500807762,0.0007234171498566866,1.0,1.0,0,noop,0.5958284735679626,0.04200284460925374,0,0,0
852,0.13501787185668945,-0.007155444473028183,0.001661441521719098,-8.960899867815897e-05,-0.04635382071137428,-0.0005656328285112977,1.0,1.0,1,left_engine,0.5930410027503967,0.01716866939457276,0,0,0
853,0.1350058615207672,-0.007154013961553574,-0.0012238363269716501,6.399989797500893e-05,-0.04633255675435066,0.000415861199144274,1.0,1.0,0,noop,0.595154881477356,-0.051401256401689466,0,0,0
854,0.13502225279808044,-0.007155945524573326,0.0016913814470171928,-8.813294698484242e-05,-0.04636191949248314,-0.0005746253300458193,1.0,1.0,1,left_engine,0.592948853969574,0.015747740943259175,0,0,0
855,0.135009765625,-0.007154443301260471,-0.0012690864969044924,6.611551361856982e-05,-0.046339865773916245,0.0004311322118155658,1.0,1.0,0,noop,0.5951259732246399,-0.031588292004137486,0,0,0
856,0.13502493500709534,-0.007156231440603733,0.001541822450235486,-8.102238643914461e-05,-0.04636736959218979,-0.000550389988347888,1.0,1.0,1,left_engine,0.5930339694023132,-0.09431947859422493,0,0,0
857,0.13500308990478516,-0.007153585087507963,-0.002244990784674883,0.00011848890426335856,-0.0463283471763134,0.0007633292116224766,1.0,1.0,0,noop,0.5958844423294067,0.049422914907466975,0,0,0
858,0.1350196897983551,-0.007155623286962509,0.0017050374299287796,-9.206224058289081e-05,-0.04635803401470184,-0.0005805452237837017,1.0,1.0,1,left_engine,0.5929796695709229,-0.02106897340955058,0,0,0
859,0.13500356674194336,-0.007153477519750595,-0.0016606334829702973,9.701578528620303e-05,-0.046328987926244736,0.0005681827897205949,1.0,1.0,0,noop,0.5954852104187012,-0.026888307021277313,0,0,0
860,0.1350218802690506,-0.007155909668654203,0.0018780200043693185,-0.00010785686754388735,-0.046361807733774185,-0.0006418653065338731,1.0,1.0,1,left_engine,0.5928252935409546,-0.07395068138309455,0,0,0
861,0.1349986046552658,-0.0071531557478010654,-0.002382200211286545,0.00012300029629841447,-0.046320438385009766,0.0008089172770269215,1.0,1.0,0,noop,0.5960457921028137,0.037252786066964916,0,0,0
862,0.13501767814159393,-0.007155444473028183,0.001957054017111659,-0.00010150282469112426,-0.04635443165898323,-0.0006647654809057713,1.0,1.0,1,left_engine,0.592825174331665,-0.08240419060534762,0,0,0
863,0.1349927932024002,-0.007152369245886803,-0.002549394965171814,0.0001380198955303058,-0.046310048550367355,0.0008680908940732479,1.0,1.0,0,noop,0.5962436199188232,0.020451477134361795,0,0,0
864,0.13501501083374023,-0.007155122701078653,0.002283159177750349,-0.0001240316778421402,-0.04634980112314224,-0.000777595560066402,1.0,1.0,1,left_engine,0.5926336050033569,-0.006309176557574431,0,0,0
865,0.1349945068359375,-0.007152440492063761,-0.002103549661114812,0.00012019970745313913,-0.046313054859638214,0.0007186157163232565,1.0,1.0,0,noop,0.5959187150001526,-0.028019812984183545,0,0,0
866,0.13501711189746857,-0.007155337370932102,0.0023202693555504084,-0.00013108068378642201,-0.0463535413146019,-0.0007921616779640317,1.0,1.0,1,left_engine,0.592578113079071,0.056796001433366855,0,0,0
867,0.13500241935253143,-0.0071535492315888405,-0.001494626048952341,8.019294909900054e-05,-0.046327535063028336,0.0005085932789370418,1.0,1.0,0,noop,0.5953946709632874,-0.05565830135819283,0,0,0
868,0.1350218802690506,-0.007155945524573326,0.0019962729420512915,-0.0001062695009750314,-0.04636223986744881,-0.0006790360785089433,1.0,1.0,1,left_engine,0.5927332043647766,-0.07948652398195463,0,0,0
869,0.13499698042869568,-0.007152583450078964,-0.00255940156057477,0.00014933037164155394,-0.046317484229803085,0.0008755011367611587,1.0,1.0,0,noop,0.5961806178092957,0.0516946950591759,0,0,0
870,0.13501635193824768,-0.007155265659093857,0.001988903386518359,-0.00011937883391510695,-0.0463523343205452,-0.000681650300975889,1.0,1.0,1,left_engine,0.592833936214447,-0.03021442033583696,0,0,0
871,0.1349964141845703,-0.007152833975851536,-0.0020474367775022984,0.00010738630953710526,-0.04631674289703369,0.0006957874284125865,1.0,1.0,0,noop,0.5958561897277832,-0.022128147912980012,0,0,0
872,0.13501796126365662,-0.007155444473028183,0.002208431251347065,-0.00011620065924944356,-0.04635512828826904,-0.0007506717229261994,1.0,1.0,1,left_engine,0.592639148235321,0.01337605736786543,0,0,0
873,0.13500022888183594,-0.007153048645704985,-0.0018243317026644945,0.0001070421130862087,-0.046323224902153015,0.0006242620293051004,1.0,1.0,0,noop,0.595644474029541,-0.02648799039864258,0,0,0
874,0.13501997292041779,-0.0071556949988007545,0.0020335775334388018,-0.00011734348663594574,-0.04635876044631004,-0.0006951434188522398,1.0,1.0,1,left_engine,0.5927422642707825,0.06492909539042316,0,0,0
875,0.1350090056657791,-0.007154157385230064,-0.0011162267765030265,6.790046609239653e-05,-0.04633917286992073,0.0003828984044957906,1.0,1.0,0,noop,0.595024824142456,-0.06372218136012364,0,0,0
876,0.1350257843732834,-0.007156052626669407,0.001710754819214344,-8.901103137759492e-05,-0.04636475443840027,-0.0005048738676123321,1.0,1.0,1,left_engine,0.5928311944007874,-0.07741758034244725,0,0,0
877,0.1350039541721344,-0.007153406273573637,-0.002245072042569518,0.00011899000674020499,-0.04632572457194328,0.0007634915527887642,1.0,1.0,0,noop,0.5958778858184814,0.04933353246524064,0,0,0
878,0.13502053916454315,-0.007155480328947306,0.001705991686321795,-9.251210576621816e-05,-0.04635543376207352,-0.0005809300928376615,1.0,1.0,1,left_engine,0.5929728150367737,-0.11354082050408351,0,0,0
879,0.1349949836730957,-0.0071521904319524765,-0.0026109167374670506,0.00015008139598648995,-0.046309810131788254,0.0008923280984163284,1.0,1.0,0,noop,0.5962531566619873,0.03870659835336454,0,0,0
880,0.1350160539150238,-0.0071550155989825726,0.002165391808375716,-0.0001266648032469675,-0.04634768143296242,-0.0007409519166685641,1.0,1.0,1,left_engine,0.5927159786224365,-0.020768445353346293,0,0,0
881,0.13499537110328674,-0.00715233338996768,-0.0021313573233783245,0.00012134204007452354,-0.046310458332300186,0.0007279593264684081,1.0,1.0,0,noop,0.5959306359291077,-0.02428120076625362,0,0,0
882,0.13501787185668945,-0.007155230268836021,0.002310967305675149,-0.00013066640531178564,-0.04635079205036163,-0.0007890317356213927,1.0,1.0,1,left_engine,0.5925799608230591,-0.02956169392650196,0,0,0
883,0.13499470055103302,-0.0071524763479828835,-0.002371520269662142,0.0001246571628144011,-0.04630956053733826,0.000806086347438395,1.0,1.0,0,noop,0.596104621887207,0.00415787048781624,0,0,0
884,0.13501682877540588,-0.007155122701078653,0.00226838537491858,-0.00011963640281464905,-0.04634900391101837,-0.0007712048827670515,1.0,1.0,1,left_engine,0.5926204323768616,0.09990683932645908,0,0,0
885,0.13500699400901794,-0.007153692189604044,-0.0009979038732126355,6.356938683893532e-05,-0.04633143171668053,0.0003433717065490782,1.0,1.0,0,noop,0.594978928565979,-0.09729095481705485,0,0,0
886,0.13502559065818787,-0.007156124338507652,0.0019174671033397317,-0.00011046677536796778,-0.0463649220764637,-0.0006553959101438522,1.0,1.0,1,left_engine,0.5927459001541138,-0.07552923567246125,0,0,0
887,0.13500185310840607,-0.007153370417654514,-0.002438961062580347,0.00012397106911521405,-0.04632261022925377,0.0008273771964013577,1.0,1.0,0,noop,0.5960405468940735,0.06282529158917782,0,0,0
888,0.13501901924610138,-0.007155409082770348,0.0017637144774198532,-8.9959692559205e-05,-0.046353209763765335,-0.0005984563613310456,1.0,1.0,1,left_engine,0.592949628829956,-0.08982784876503899,0,0,0
889,0.1349952667951584,-0.00715265516191721,-0.002427126746624708,0.000123346530017443,-0.04631109535694122,0.000823355105239898,1.0,1.0,0,noop,0.596133828163147,0.01678325670346581,0,0,0
890,0.13501672446727753,-0.007155122701078653,0.002199872862547636,-0.00011161616566823795,-0.046349260956048965,-0.0007462105713784695,1.0,1.0,1,left_engine,0.5926676392555237,0.07142405314431713,0,0,0
891,0.13500471413135529,-0.007153692189604044,-0.001220098463818431,6.312727055046707e-05,-0.046328067779541016,0.00041432082070969045,1.0,1.0,0,noop,0.5951743125915527,-0.0816556877566228,0,0,0
892,0.1350240707397461,-0.0071559809148311615,0.0019817978609353304,-0.0001021899952320382,-0.04636247083544731,-0.0006728611188009381,1.0,1.0,1,left_engine,0.5927137732505798,-0.09187549134850201,0,0,0
893,0.13499803841114044,-0.007152548059821129,-0.0026716345455497503,0.0001534940383862704,-0.04631579667329788,0.0009129721438512206,1.0,1.0,0,noop,0.5962423086166382,0.06983608147908882,0,0,0
894,0.13501672446727753,-0.007155122701078653,0.0019218295346945524,-0.00011425962293287739,-0.04634945094585419,-0.0006582337082363665,1.0,1.0,1,left_engine,0.5928813219070435,-0.06281340302834934,0,0,0
895,0.13499411940574646,-0.007152154576033354,-0.0023126632440835238,0.0001333417894784361,-0.046309031546115875,0.0007904800586402416,1.0,1.0,0,noop,0.5960680842399597,-0.005170287537357154,0,0,0
896,0.135016530752182,-0.007155122701078653,0.002301618689671159,-0.00013275837409310043,-0.04634925723075867,-0.0007867789827287197,1.0,1.0,1,left_engine,0.5926075577735901,0.11963062507838032,0,0,0
897,0.13500842452049255,-0.0071542286314070225,-0.0008307150565087795,3.939453745260835e-05,-0.0463348887860775,0.0002807230339385569,1.0,1.0,0,noop,0.5948455929756165,-0.12029609355320403,0,0,0
898,0.13502779603004456,-0.007156481966376305,0.001978303072974086,-0.00010147273860638961,-0.04636914283037186,-0.0006857264088466763,1.0,1.0,1,left_engine,0.5926686525344849,-0.00038248095899603984,0,0,0
899,0.1350110024213791,-0.007154371589422226,-0.0017290606629103422,9.620949276722968e-05,-0.0463390089571476,0.0005897446535527706,1.0,1.0,0,noop,0.5954237580299377,0.013316740921034409,0,0,0
900,0.13502617180347443,-0.007156338542699814,0.0015536491991952062,-8.857016655383632e-05,-0.04636615887284279,-0.0005307603860273957,1.0,1.0,1,left_engine,0.5929986834526062,-0.07752081317086976,0,0,0
901,0.1350058615207672,-0.007153585087507963,-0.0020846689585596323,0.00012302515096962452,-0.04632967337965965,0.000713690125849098,1.0,1.0,0,noop,0.5957353711128235,0.026274515489792094,0,0,0
902,0.1350231170654297,-0.0071559809148311615,0.0017738888273015618,-0.00010670671326806769,-0.046360764652490616,-0.0006080892053432763,1.0,1.0,1,left_engine,0.5928905606269836,-0.08223669303957479,0,0,0
903,0.13500013947486877,-0.007153012789785862,-0.0023600426502525806,0.00013200506509747356,-0.04631960391998291,0.0008051915210671723,1.0,1.0,0,noop,0.5960085391998291,0.024371327093724915,0,0,0
904,0.1350201666355133,-0.007155623286962509,0.0020606049802154303,-0.00011674466804834083,-0.04635557532310486,-0.0007036287570372224,1.0,1.0,1,left_engine,0.5927244424819946,0.01579501412940701,0,0,0
905,0.13500423729419708,-0.007153799757361412,-0.0016484555089846253,8.322935173055157e-05,-0.046326979994773865,0.0005590248620137572,1.0,1.0,0,noop,0.5954787135124207,-0.044995283770376204,0,0,0
906,0.1350240707397461,-0.007156124338507652,0.0020424958784133196,-0.0001039191338350065,-0.04636241868138313,-0.0006929452065378428,1.0,1.0,1,left_engine,0.5926690101623535,0.0188892943720316,0,0,0
907,0.13500842452049255,-0.0071542286314070225,-0.0015974482521414757,8.648467337479815e-05,-0.04633459448814392,0.0005439185770228505,1.0,1.0,0,noop,0.5953772664070129,-0.02198946898203502,0,0,0
908,0.13502559065818787,-0.007156338542699814,0.0017690755194053054,-9.506369679002091e-05,-0.046365395188331604,-0.0006021173903718591,1.0,1.0,1,left_engine,0.592847466468811,-0.12823772050969381,0,0,0
909,0.1349981278181076,-0.007152798119932413,-0.002826400799676776,0.000160885916557163,-0.04631603881716728,0.0009653654997237027,1.0,1.0,0,noop,0.5963224768638611,0.0745149138656771,0,0,0
910,0.13501787185668945,-0.007155480328947306,0.002026996575295925,-0.00011928172170883045,-0.04635150730609894,-0.0006938319420441985,1.0,1.0,1,left_engine,0.5927874445915222,-0.0204424620846477,0,0,0
911,0.1349986046552658,-0.0071531557478010654,-0.001986087765544653,0.00010359839507145807,-0.04631700739264488,0.0006747182924300432,1.0,1.0,0,noop,0.5957881212234497,-0.03725332911708179,0,0,0
912,0.1350209265947342,-0.007155837956815958,0.0022958742920309305,-0.00011999555135844275,-0.046356894075870514,-0.0007801373722031713,1.0,1.0,1,left_engine,0.592535674571991,0.0110119613673281,0,0,0
913,0.13500213623046875,-0.007153477519750595,-0.0019386832136660814,0.0001048789345077239,-0.046323150396347046,0.0006600802298635244,1.0,1.0,0,noop,0.595700740814209,-0.019683815813923644,0,0,0
914,0.1350223571062088,-0.0071559809148311615,0.002078840509057045,-0.00011190603981958702,-0.046359334141016006,-0.0007076165056787431,1.0,1.0,1,left_engine,0.592673659324646,-0.07067032265975356,0,0,0
915,0.13499745726585388,-0.007152833975851536,-0.0025541968643665314,0.00014147520414553583,-0.046314798295497894,0.0008708690293133259,1.0,1.0,0,noop,0.5961792469024658,0.03227769230258204,0,0,0
916,0.13501863181591034,-0.007155552040785551,0.0021727480925619602,-0.00012160251208115369,-0.046352699398994446,-0.000741350173484534,1.0,1.0,1,left_engine,0.5926663875579834,0.10048520697470778,0,0,0
917,0.135009765625,-0.007154371589422226,-0.0008943512802943587,5.225301720201969e-05,-0.04633703827857971,0.0003060147864744067,1.0,1.0,0,noop,0.594865620136261,-0.11006176586418448,0,0,0
918,0.13502883911132812,-0.007156481966376305,0.001945325406268239,-9.7368705610279e-05,-0.0463666133582592,-0.0005837908829562366,1.0,1.0,1,left_engine,0.5926179885864258,-0.011671735579652703,0,0,0
919,0.13501128554344177,-0.007154371589422226,-0.0018111557001248002,9.338429663330317e-05,-0.046335164457559586,0.0006149165565147996,1.0,1.0,0,noop,0.5954845547676086,0.019084391931080802,0,0,0
920,0.13502664864063263,-0.007156231440603733,0.0015777281951159239,-8.256360160885379e-05,-0.04636256396770477,-0.0005361299263313413,1.0,1.0,1,left_engine,0.5929760336875916,-0.1011315361346152,0,0,0
921,0.13500365614891052,-0.0071532633155584335,-0.0023516237270087004,0.00013241189299151301,-0.046321526169776917,0.0008026545983739197,1.0,1.0,0,noop,0.5959556102752686,0.040956326754077566,0,0,0
922,0.13502207398414612,-0.0071556949988007545,0.0018911475781351328,-0.00010827257938217372,-0.04635455831885338,-0.000646190601401031,1.0,1.0,1,left_engine,0.5928256511688232,-0.035226125738975184,0,0,0
923,0.13500261306762695,-0.007153048645704985,-0.0019975893665105104,0.00011693886335706338,-0.0463196225464344,0.0006834904197603464,1.0,1.0,0,noop,0.5957353115081787,-0.014237838216967447,0,0,0
924,0.135022833943367,-0.007155766710639,0.0020831176079809666,-0.00012118132144678384,-0.04635603725910187,-0.0007125295232981443,1.0,1.0,1,left_engine,0.5926764607429504,0.03746448588268805,0,0,0
925,0.13500861823558807,-0.007154085673391819,-0.0014495078939944506,7.510973955504596e-05,-0.046330858021974564,0.0004922960652038455,1.0,1.0,0,noop,0.5952817797660828,-0.04656867836084899,0,0,0
926,0.1350267380475998,-0.007156267296522856,0.001864057732746005,-9.69139946391806e-05,-0.046363212168216705,-0.000633208837825805,1.0,1.0,1,left_engine,0.5927656888961792,-0.013008018826097895,0,0,0
927,0.135009765625,-0.007154049817472696,-0.00174132757820189,9.897040581563488e-05,-0.04633279889822006,0.0005946994060650468,1.0,1.0,0,noop,0.5954566597938538,0.0015153059621653142,0,0,0
928,0.13502606749534607,-0.007156159728765488,0.0016805263003334403,-9.548070374876261e-05,-0.046362150460481644,-0.0005739000625908375,1.0,1.0,1,left_engine,0.5929148197174072,-0.04230117375618889,0,0,0
929,0.1350080519914627,-0.007153799757361412,-0.0018537503201514482,0.00010554701293585822,-0.04632977023720741,0.0006331351469270885,1.0,1.0,0,noop,0.5955572724342346,0.005220130155759506,0,0,0
930,0.13502511382102966,-0.007156052626669407,0.0017538664396852255,-0.00010032483987743035,-0.04636042192578316,-0.0005992355872876942,1.0,1.0,1,left_engine,0.5928770899772644,0.04280268203539464,0,0,0
931,0.13501472771167755,-0.0071546221151947975,-0.0010557869682088494,6.327486335067078e-05,-0.0463419035077095,0.00036180525785312057,1.0,1.0,0,noop,0.5949074029922485,-0.07467690709021113,0,0,0
932,0.1350317895412445,-0.007157161366194487,0.0017498418455943465,-0.0001151426404248923,-0.04637554660439491,-0.0006732202600687742,1.0,1.0,1,left_engine,0.5928322672843933,-0.08969963857312521,0,0,0
933,0.1350083351135254,-0.0071542286314070225,-0.00241259578615427,0.00013254352961666882,-0.046333517879247665,0.0008222548058256507,1.0,1.0,0,noop,0.5959197878837585,0.06071390311122826,0,0,0
934,0.13502541184425354,-0.007156481966376305,0.001758337952196598,-0.0001006710808724165,-0.046364229172468185,-0.0006008649943396449,1.0,1.0,1,left_engine,0.5928643345832825,-0.10344595298911471,0,0,0
935,0.1350003182888031,-0.007153119891881943,-0.0025613775942474604,0.0001486405817558989,-0.046319443732500076,0.0008759532356634736,1.0,1.0,0,noop,0.5961375832557678,0.027311597771937812,0,0,0
936,0.13502207398414612,-0.00715608848258853,0.0022278553806245327,-0.0001311358209932223,-0.04635843262076378,-0.0007626458536833525,1.0,1.0,1,left_engine,0.5925787091255188,0.02776405386168193,0,0,0
937,0.13500556349754333,-0.007153906859457493,-0.0016974695026874542,9.891041554510593e-05,-0.046328745782375336,0.0005806603585369885,1.0,1.0,0,noop,0.5954859256744385,-0.05470563213760471,0,0,0
938,0.13502684235572815,-0.007156696170568466,0.002184351207688451,-0.0001240963174495846,-0.046366892755031586,-0.0007460312335751951,1.0,1.0,1,left_engine,0.5925337672233582,-0.0453872788648286,0,0,0
939,0.1350034773349762,-0.007153763901442289,-0.002403546590358019,0.00013009559188503772,-0.04632506147027016,0.0008183879544958472,1.0,1.0,0,noop,0.5959891676902771,0.02654072408501662,0,0,0
940,0.13502368330955505,-0.007156338542699814,0.002081963699311018,-0.0001136995924753137,-0.046361327171325684,-0.0007093154708854854,1.0,1.0,1,left_engine,0.5926530957221985,0.018239010570565456,0,0,0
941,0.13500766456127167,-0.007154515013098717,-0.0016452312702313066,8.260801405413076e-05,-0.046332795172929764,0.0005577346310019493,1.0,1.0,0,noop,0.5954247117042542,-0.047461267234300664,0,0,0
942,0.1350276917219162,-0.007156839594244957,0.002063373802229762,-0.00010439344623591751,-0.04636857658624649,-0.0006998219760134816,1.0,1.0,1,left_engine,0.5925981998443604,-0.031713513428271084,0,0,0
943,0.13500690460205078,-0.0071541927754879,-0.0021379832178354263,0.00011997346155112609,-0.04633127897977829,0.0007295828545466065,1.0,1.0,0,noop,0.5957583785057068,0.01479165904754609,0,0,0
944,0.13502569496631622,-0.007156624924391508,0.0019376454874873161,-0.00010917052713921294,-0.046365100890398026,-0.0006614169687964022,1.0,1.0,1,left_engine,0.5927284359931946,0.06675963448571068,0,0,0
945,0.13501587510108948,-0.007155194412916899,-0.0009985179640352726,6.476886483142152e-05,-0.046347491443157196,0.00034404374309815466,1.0,1.0,0,noop,0.5948419570922852,-0.08597299361159827,0,0,0
946,0.13503369688987732,-0.007157554849982262,0.0018085686024278402,-0.00010592378384899348,-0.0463782362639904,-0.0006152170826680958,1.0,1.0,1,left_engine,0.5927003026008606,-0.10166769497418812,0,0,0
947,0.13500842452049255,-0.007154729217290878,-0.0025955121964216232,0.00012836210953537375,-0.04633328318595886,0.000879245693795383,1.0,1.0,0,noop,0.5960471630096436,0.07301404895869723,0,0,0
948,0.13502617180347443,-0.007156767882406712,0.0018169807735830545,-9.04896151041612e-05,-0.04636477306485176,-0.0006157716852612793,1.0,1.0,1,left_engine,0.5928019285202026,-0.03725365209745021,0,0,0
949,0.13500718772411346,-0.007154550403356552,-0.0019420258468016982,9.893733658827841e-05,-0.04633106663823128,0.0006589632830582559,1.0,1.0,0,noop,0.5956303477287292,-0.024128297290168632,0,0,0
950,0.13502788543701172,-0.007156946696341038,0.002125401981174946,-0.00010820341412909329,-0.04636794701218605,-0.0007211711490526795,1.0,1.0,1,left_engine,0.5925526022911072,0.09194492473360441,0,0,0
951,0.1350187361240387,-0.0071556949988007545,-0.0009325138526037335,5.770851203124039e-05,-0.046351563185453415,0.00032026838744059205,1.0,1.0,0,noop,0.5947554111480713,-0.09964566512211093,0,0,0
952,0.13503703474998474,-0.007158556021749973,0.0018713113386183977,-0.00012940773740410805,-0.04638810083270073,-0.0007310622604563832,1.0,1.0,1,left_engine,0.5926740169525146,-0.1162194011419497,0,0,0
953,0.13500957190990448,-0.007155265659093857,-0.002810485428199172,0.0001492249284638092,-0.046339232474565506,0.0009559650789014995,1.0,1.0,0,noop,0.5961407423019409,0.08794445058422795,0,0,0
954,0.13502788543701172,-0.007157554849982262,0.0018809773027896881,-0.00010349474177928641,-0.046372003853321075,-0.0006412031361833215,1.0,1.0,1,left_engine,0.5927292704582214,0.04745587170947488,0,0,0
955,0.13501672446727753,-0.007155945524573326,-0.0011381979566067457,7.288980123121291e-05,-0.04635196551680565,0.00039185979403555393,1.0,1.0,0,noop,0.5949220657348633,-0.0894758865237506,0,0,0
956,0.135035902261734,-0.007158520165830851,0.0019780423026531935,-0.00011572217044886202,-0.04638655111193657,-0.0006768597522750497,1.0,1.0,1,left_engine,0.5925397872924805,0.02998275822721766,0,0,0
957,0.13502196967601776,-0.007156767882406712,-0.0014181408332660794,7.922597433207557e-05,-0.04636179283261299,0.0004838548193220049,1.0,1.0,0,noop,0.5950407385826111,-0.014058601452756392,0,0,0
958,0.13503675162792206,-0.007158627733588219,0.0015172646380960941,-8.460112439934164e-05,-0.04638824984431267,-0.0005176255363039672,1.0,1.0,1,left_engine,0.5928556323051453,-0.09795152855634967,0,0,0
959,0.13501472771167755,-0.007156016770750284,-0.0022574220784008503,0.00011773010191973299,-0.04634903371334076,0.0007669805781915784,1.0,1.0,0,noop,0.595715343952179,0.050381107449439355,0,0,0
960,0.1350313127040863,-0.007157947868108749,0.0017079698154702783,-8.96163473953493e-05,-0.0463787205517292,-0.0005805190885439515,1.0,1.0,1,left_engine,0.5927973389625549,0.0352625429984397,0,0,0
961,0.1350206434726715,-0.007156660780310631,-0.0010857630986720324,5.849519220646471e-05,-0.04635981097817421,0.00036961439764127135,1.0,1.0,0,noop,0.594829261302948,-0.06952468590834826,0,0,0
962,0.1350376158952713,-0.00715841306373477,0.0017376288305968046,-8.265370706794783e-05,-0.046385757625103,-0.0005120426649227738,1.0,1.0,1,left_engine,0.5926254987716675,-0.05254812268535389,0,0,0
963,0.13501806557178497,-0.007155873812735081,-0.002016716171056032,0.00011394315515644848,-0.04635055735707283,0.0006885358598083258,1.0,1.0,0,noop,0.5955071449279785,0.033704908728111604,0,0,0
964,0.1350339949131012,-0.007157947868108749,0.0016355190891772509,-9.516409045318142e-05,-0.04637914150953293,-0.0005594718968495727,1.0,1.0,1,left_engine,0.5928226709365845,0.024701619997292285,0,0,0
965,0.13502302765846252,-0.007156553212553263,-0.0011200133012607694,6.421434227377176e-05,-0.046359583735466,0.00038274459075182676,1.0,1.0,0,noop,0.5948219299316406,-0.06141989514087243,0,0,0
966,0.13503961265087128,-0.00715841306373477,0.0016907595563679934,-8.47939372761175e-05,-0.04638608172535896,-0.0005305632948875427,1.0,1.0,1,left_engine,0.5926609039306641,-0.05728174011374307,0,0,0
967,0.13501997292041779,-0.007156124338507652,-0.0020178102422505617,0.00010385753557784483,-0.04635104164481163,0.0006851368816569448,1.0,1.0,0,noop,0.5954880714416504,0.03345465704521189,0,0,0
968,0.135035902261734,-0.007157983724027872,0.0016391761600971222,-8.598793647252023e-05,-0.04637954384088516,-0.0005572322988882661,1.0,1.0,1,left_engine,0.592788815498352,-0.06956712151126851,0,0,0
969,0.1350155770778656,-0.007155587896704674,-0.0020910731982439756,0.00010734974057413638,-0.046343229711055756,0.0007098992937244475,1.0,1.0,0,noop,0.595604419708252,0.013150028777992873,0,0,0
970,0.13503408432006836,-0.007157769054174423,0.00190809927880764,-9.792787750484422e-05,-0.04637635499238968,-0.0006478085415437818,1.0,1.0,1,left_engine,0.5926200747489929,-0.03787352012551423,0,0,0
971,0.13501425087451935,-0.007155158556997776,-0.002041584812104702,0.00011806377733591944,-0.04634065181016922,0.0006980994949117303,1.0,1.0,0,noop,0.5955859422683716,-0.0022547766902718536,0,0,0
972,0.13503380119800568,-0.007157733663916588,0.0020094141364097595,-0.00011585249740164727,-0.046375785022974014,-0.0006870047654956579,1.0,1.0,1,left_engine,0.5925601124763489,0.0761217145809863,0,0,0
973,0.1350242644548416,-0.007156338542699814,-0.0009762670961208642,6.374101940309629e-05,-0.04635857045650482,0.00033658911706879735,1.0,1.0,0,noop,0.5947041511535645,-0.09058670200401764,0,0,0
974,0.13504227995872498,-0.00715884193778038,0.0018296368652954698,-0.00011318754695821553,-0.04639151692390442,-0.0006590840639546514,1.0,1.0,1,left_engine,0.5925857424736023,-0.149386765160165,0,0,0
975,0.13501186668872833,-0.007155086845159531,-0.003107108175754547,0.0001686011819401756,-0.046337418258190155,0.00105830910615623,1.0,1.0,0,noop,0.5962684750556946,0.10863268274376736,0,0,0
976,0.13503102958202362,-0.007157554849982262,0.0019685528241097927,-0.00011167332559125498,-0.04637178033590317,-0.0006723760161548853,1.0,1.0,1,left_engine,0.592629611492157,-0.018112592915854292,0,0,0
977,0.13501253724098206,-0.007155373226851225,-0.0019018950406461954,9.922338358592242e-05,-0.04633873328566551,0.0006462985766120255,1.0,1.0,0,noop,0.5955232977867126,-0.05091631395755769,0,0,0
978,0.1350354254245758,-0.00715809129178524,0.0023466837592422962,-0.00012235742178745568,-0.04637950658798218,-0.0007974530453793705,1.0,1.0,1,left_engine,0.5922811031341553,0.10837165135091567,0,0,0
979,0.13502569496631622,-0.007156767882406712,-0.0009914941620081663,6.0459748056018725e-05,-0.04636210948228836,0.000340165919624269,1.0,1.0,0,noop,0.5946933031082153,-0.08727008030480476,0,0,0
980,0.13504362106323242,-0.007158770691603422,0.0018194926669821143,-9.04063563211821e-05,-0.046388398855924606,-0.0005256511503830552,1.0,1.0,1,left_engine,0.5924786925315857,-0.14701003165369173,0,0,0
981,0.1350136697292328,-0.007155086845159531,-0.003070950973778963,0.00016469410911668092,-0.046334970742464066,0.0010452743154019117,1.0,1.0,0,noop,0.5962321162223816,0.10628263830427898,0,0,0
982,0.13503265380859375,-0.007157483138144016,0.001956347841769457,-0.00010856785957003012,-0.046369072049856186,-0.0006673064781352878,1.0,1.0,1,left_engine,0.5926210880279541,0.02172540483165733,0,0,0
983,0.1350182592868805,-0.007155730854719877,-0.0014802494551986456,7.87204407970421e-05,-0.04634330794215202,0.0005035548820160329,1.0,1.0,0,noop,0.5951626300811768,-0.07819828777318705,0,0,0
984,0.13503971695899963,-0.007158305495977402,0.002201431430876255,-0.0001159496750915423,-0.04638158529996872,-0.0007485128589905798,1.0,1.0,1,left_engine,0.5923306345939636,0.01993343291643626,0,0,0
985,0.13502264022827148,-0.007156338542699814,-0.001750388415530324,8.9728127932176e-05,-0.046351198107004166,0.0005941872950643301,1.0,1.0,0,noop,0.5952773690223694,-0.011285541629113993,0,0,0
986,0.135040283203125,-0.00715841306373477,0.001813945360481739,-9.307423897553235e-05,-0.04638268053531647,-0.0006158236647024751,1.0,1.0,1,left_engine,0.5926008224487305,-0.0763919068832368,0,0,0
987,0.1350174844264984,-0.007155587896704674,-0.00234050746075809,0.00012670083378907293,-0.0463419072329998,0.0007970378501340747,1.0,1.0,0,noop,0.5957455635070801,0.033834409401123366,0,0,0
988,0.1350363790988922,-0.007157947868108749,0.0019497539615258574,-0.00010629624011926353,-0.04637586697936058,-0.0006642272346653044,1.0,1.0,1,left_engine,0.5925665497779846,-0.048780392502286246,0,0,0
989,0.13501501083374023,-0.007155230268836021,-0.002196804853156209,0.00012310787860769778,-0.0463375449180603,0.0007496541948057711,1.0,1.0,0,noop,0.595686674118042,-0.002168130711112326,0,0,0
990,0.13503599166870117,-0.007157912477850914,0.002159779192879796,-0.00012099382729502395,-0.04637521877884865,-0.0007370788371190429,1.0,1.0,1,left_engine,0.592423141002655,-0.02340102265630037,0,0,0
991,0.13501501083374023,-0.007155122701078653,-0.0021522450260818005,0.00012606261589098722,-0.0463375598192215,0.0007365128258243203,1.0,1.0,0,noop,0.5956541895866394,-0.007602055398024277,0,0,0
992,0.13503608107566833,-0.007157947868108749,0.002169127808883786,-0.00012667724513448775,-0.046375494450330734,-0.0007421703776344657,1.0,1.0,1,left_engine,0.592418372631073,0.10595203426380209,0,0,0
993,0.13502788543701172,-0.007157125510275364,-0.0008351084543392062,3.750068208319135e-05,-0.046361081302165985,0.0002814733888953924,1.0,1.0,0,noop,0.5945650339126587,-0.11970501611820339,0,0,0
994,0.13504724204540253,-0.007160058245062828,0.0019698399119079113,-0.00013230177864897996,-0.046400316059589386,-0.0007846046355552971,1.0,1.0,1,left_engine,0.5924690365791321,-0.011248049772133867,0,0,0
995,0.1350294053554535,-0.0071576619520783424,-0.0018336549401283264,0.00010690318595152348,-0.04636824131011963,0.0006273131584748626,1.0,1.0,0,noop,0.5952144265174866,0.020522742905537683,0,0,0
996,0.13504476845264435,-0.007159771863371134,0.0015854015946388245,-9.582620259607211e-05,-0.04639604315161705,-0.0005436870269477367,1.0,1.0,1,left_engine,0.592699408531189,-0.013460568796246547,0,0,0
997,0.13503046333789825,-0.007158162537962198,-0.0014608018100261688,7.173123594839126e-05,-0.04637075215578079,0.0004946719272993505,1.0,1.0,0,noop,0.5949554443359375,-0.022137600523507217,0,0,0
998,0.13504639267921448,-0.00715995067730546,0.0016375433187931776,-8.144309686031193e-05,-0.04639912396669388,-0.000554916390683502,1.0,1.0,1,left_engine,0.5926240086555481,0.005541756084121802,0,0,0
999,0.13503341376781464,-0.00715841306373477,-0.0013183006085455418,6.90642700647004e-05,-0.046376198530197144,0.00044807069934904575,1.0,1.0,0,noop,0.5948072671890259,-0.023013930698851937,0,0,1
